date,1. open,2. high,3. low,4. close,5. volume
2022-11-15 20:00:00,98.05,98.25,98.0101,98.07,31374.0
2022-11-15 19:55:00,98.0999,98.1,98.0,98.05,14944.0
2022-11-15 19:50:00,98.08,98.15,98.0,98.07,12887.0
2022-11-15 19:45:00,98.23,98.2399,98.0,98.11,15787.0
2022-11-15 19:40:00,98.25,98.26,98.0,98.2,29103.0
2022-11-15 19:35:00,98.41,98.41,98.3,98.3,10778.0
2022-11-15 19:30:00,98.35,98.41,98.35,98.41,8951.0
2022-11-15 19:25:00,98.52,98.56,98.35,98.35,15989.0
2022-11-15 19:20:00,98.57,98.57,98.5,98.56,10920.0
2022-11-15 19:15:00,98.57,98.6,98.55,98.57,10270.0
2022-11-15 19:10:00,98.7,98.7,98.55,98.57,17177.0
2022-11-15 19:05:00,98.71,98.78,98.7,98.71,21622.0
2022-11-15 19:00:00,98.72,98.76,98.72,98.72,6112.0
2022-11-15 18:55:00,98.71,98.75,98.69,98.69,2497.0
2022-11-15 18:50:00,98.7,98.76,98.67,98.75,21281.0
2022-11-15 18:45:00,98.66,98.72,98.6,98.72,6223.0
2022-11-15 18:40:00,98.65,98.66,98.63,98.66,2674.0
2022-11-15 18:35:00,98.7,98.7,98.65,98.65,8016.0
2022-11-15 18:30:00,98.7,98.71,98.7,98.71,2040.0
2022-11-15 18:25:00,98.72,98.74,98.7,98.7,9833.0
2022-11-15 18:20:00,98.7,98.72,98.64,98.72,3768.0
2022-11-15 18:15:00,98.62,98.7,98.6001,98.65,6738.0
2022-11-15 18:10:00,98.61,98.61,98.56,98.57,5557.0
2022-11-15 18:05:00,98.7,98.7,98.55,98.61,12922.0
2022-11-15 18:00:00,98.68,98.75,98.66,98.75,5583.0
2022-11-15 17:55:00,98.66,98.72,98.63,98.72,9031.0
2022-11-15 17:50:00,98.77,98.77,98.6,98.63,24571.0
2022-11-15 17:45:00,98.71,98.78,98.7,98.72,6616.0
2022-11-15 17:40:00,98.78,98.79,98.7,98.715,6040.0
2022-11-15 17:35:00,98.7739,98.8,98.75,98.7585,6526.0
2022-11-15 17:30:00,98.77,98.8,98.7037,98.7052,9318.0
2022-11-15 17:25:00,98.76,98.8,98.75,98.8,4760.0
2022-11-15 17:20:00,98.7,98.8,98.7,98.76,33149.0
2022-11-15 17:15:00,98.77,98.8,98.74,98.74,9413.0
2022-11-15 17:10:00,98.7875,98.8,98.7002,98.7002,9005.0
2022-11-15 17:05:00,98.78,98.79,98.72,98.75,8800.0
2022-11-15 17:00:00,98.75,98.8,98.71,98.71,7240.0
2022-11-15 16:55:00,98.72,98.75,98.65,98.75,12614.0
2022-11-15 16:50:00,98.72,98.8,98.66,98.74,11680.0
2022-11-15 16:45:00,98.76,98.81,98.73,98.73,15476.0
2022-11-15 16:40:00,98.81,98.87,98.74,98.76,34228.0
2022-11-15 16:35:00,98.83,98.94,98.73,98.83,18863.0
2022-11-15 16:30:00,98.81,98.84,98.76,98.8199,11521.0
2022-11-15 16:25:00,98.83,100.9221,98.71,98.78,110046.0
2022-11-15 16:20:00,98.7568,98.87,98.75,98.86,25909.0
2022-11-15 16:15:00,98.96,99.0,98.56,98.76,189734.0
2022-11-15 16:10:00,99.04,99.07,98.94,99.0,538590.0
2022-11-15 16:05:00,98.94,99.19,98.89,99.07,1436705.0
2022-11-15 16:00:00,98.505,98.99,98.48,98.98,2317765.0
2022-11-15 15:55:00,98.79,98.88,98.37,98.5024,1489506.0
2022-11-15 15:50:00,99.01,99.01,98.72,98.8013,966691.0
2022-11-15 15:45:00,99.06,99.09,98.93,99.0266,857818.0
2022-11-15 15:40:00,98.78,99.12,98.77,99.05,827068.0
2022-11-15 15:35:00,99.11,99.11,98.73,98.78,885347.0
2022-11-15 15:30:00,99.41,99.43,99.07,99.11,638992.0
2022-11-15 15:25:00,99.31,99.45,99.18,99.4,780034.0
2022-11-15 15:20:00,98.91,99.35,98.87,99.3075,1105448.0
2022-11-15 15:15:00,98.97,99.075,98.77,98.905,713085.0
2022-11-15 15:10:00,99.23,99.238,98.81,98.96,761823.0
2022-11-15 15:05:00,99.1687,99.44,99.1,99.2399,901273.0
2022-11-15 15:00:00,98.77,99.31,98.71,99.17,824997.0
2022-11-15 14:55:00,98.725,98.88,98.58,98.7731,648538.0
2022-11-15 14:50:00,98.9394,99.1,98.62,98.7201,655304.0
2022-11-15 14:45:00,98.93,99.19,98.8515,98.95,675703.0
2022-11-15 14:40:00,98.92,99.24,98.8401,98.93,774639.0
2022-11-15 14:35:00,99.16,99.27,98.89,98.91,856091.0
2022-11-15 14:30:00,99.51,99.56,99.01,99.139,1005529.0
2022-11-15 14:25:00,99.1224,99.59,99.1224,99.5282,1280068.0
2022-11-15 14:20:00,98.78,99.25,98.57,99.1201,1137141.0
2022-11-15 14:15:00,98.29,99.17,98.2499,98.79,1442799.0
2022-11-15 14:10:00,97.76,98.335,97.75,98.2801,1118285.0
2022-11-15 14:05:00,98.35,98.51,97.71,97.75,1134095.0
2022-11-15 14:00:00,98.4301,98.75,98.27,98.3499,920770.0
2022-11-15 13:55:00,97.9601,98.5185,97.95,98.455,1004614.0
2022-11-15 13:50:00,98.14,98.59,97.9401,97.96,1290693.0
2022-11-15 13:45:00,97.64,98.39,97.34,98.13,1733015.0
2022-11-15 13:40:00,98.02,98.3759,97.5,97.65,1865834.0
2022-11-15 13:35:00,98.32,98.73,98.02,98.03,1821843.0
2022-11-15 13:30:00,98.67,98.75,98.08,98.3305,1542689.0
2022-11-15 13:25:00,99.1299,99.17,98.32,98.6615,1908609.0
2022-11-15 13:20:00,99.67,99.69,99.09,99.12,1368241.0
2022-11-15 13:15:00,99.83,99.87,99.62,99.67,909102.0
2022-11-15 13:10:00,99.905,100.14,99.77,99.83,1063846.0
2022-11-15 13:05:00,99.66,99.92,99.5924,99.91,1033237.0
2022-11-15 13:00:00,99.395,99.66,99.24,99.6573,875512.0
2022-11-15 12:55:00,99.785,99.7899,99.39,99.3914,1079225.0
2022-11-15 12:50:00,99.2779,99.81,99.2601,99.78,1290845.0
2022-11-15 12:45:00,99.55,99.7,99.26,99.27,1342822.0
2022-11-15 12:40:00,99.72,99.8,99.54,99.5582,877111.0
2022-11-15 12:35:00,99.8,99.86,99.53,99.7275,1276978.0
2022-11-15 12:30:00,100.27,100.2893,99.77,99.8283,1277283.0
2022-11-15 12:25:00,100.35,100.4601,100.16,100.265,689589.0
2022-11-15 12:20:00,100.43,100.461,100.27,100.3478,543102.0
2022-11-15 12:15:00,100.4607,100.63,100.35,100.43,690544.0
2022-11-15 12:10:00,100.4501,100.56,100.31,100.46,675426.0
2022-11-15 12:05:00,100.81,100.86,100.26,100.46,991656.0
2022-11-15 12:00:00,100.7459,100.8305,100.55,100.805,920447.0
2022-11-15 11:55:00,100.77,100.83,100.64,100.75,673300.0
2022-11-15 11:50:00,100.57,100.84,100.532,100.775,1089726.0
2022-11-15 11:45:00,100.52,100.7188,100.42,100.5601,782519.0
2022-11-15 11:40:00,100.83,100.8397,100.37,100.52,845816.0
2022-11-15 11:35:00,100.3014,100.86,100.3,100.8313,1281474.0
2022-11-15 11:30:00,100.37,100.52,100.15,100.3,777477.0
2022-11-15 11:25:00,100.25,100.63,100.25,100.3868,811304.0
2022-11-15 11:20:00,100.76,100.7755,100.13,100.2648,961242.0
2022-11-15 11:15:00,100.86,100.89,100.51,100.76,988769.0
2022-11-15 11:10:00,100.43,100.91,100.33,100.88,1294615.0
2022-11-15 11:05:00,100.3082,100.54,100.0,100.43,2224566.0
2022-11-15 11:00:00,100.42,100.69,100.31,100.32,1242960.0
2022-11-15 10:55:00,100.27,100.51,100.04,100.42,1493651.0
2022-11-15 10:50:00,100.68,100.91,100.19,100.2799,1473626.0
2022-11-15 10:45:00,101.1499,101.1499,100.55,100.68,1691612.0
2022-11-15 10:40:00,101.3001,101.38,101.0307,101.15,997081.0
2022-11-15 10:35:00,101.31,101.48,101.05,101.305,1324562.0
2022-11-15 10:30:00,101.5506,101.72,101.26,101.31,1105602.0
2022-11-15 10:25:00,101.55,101.65,101.35,101.54,1258281.0
2022-11-15 10:20:00,101.73,102.03,101.52,101.565,1157307.0
2022-11-15 10:15:00,101.87,101.92,101.6,101.72,1172810.0
2022-11-15 10:10:00,102.27,102.3,101.68,101.865,1429799.0
2022-11-15 10:05:00,102.08,102.4607,102.06,102.28,3173692.0
2022-11-15 10:00:00,101.325,103.1,101.325,102.075,2447761.0
2022-11-15 09:55:00,101.5,101.69,101.33,101.33,1587907.0
2022-11-15 09:50:00,101.9717,102.17,101.21,101.5,2294209.0
2022-11-15 09:45:00,102.12,102.22,101.66,101.98,2206714.0
2022-11-15 09:40:00,102.82,102.9051,101.96,102.12,3085695.0
2022-11-15 09:35:00,103.21,103.79,102.81,102.82,5103624.0
2022-11-15 09:30:00,102.89,103.4,102.8,103.23,169676.0
2022-11-15 09:25:00,102.58,102.83,102.54,102.83,84036.0
2022-11-15 09:20:00,102.53,102.69,102.36,102.6,92992.0
2022-11-15 09:15:00,102.72,102.86,102.3,102.57,159091.0
2022-11-15 09:10:00,102.77,103.05,102.6,102.74,139240.0
2022-11-15 09:05:00,103.12,103.25,102.71,102.82,163462.0
2022-11-15 09:00:00,103.11,103.14,103.05,103.1,92841.0
2022-11-15 08:55:00,103.22,103.46,103.0,103.12,197647.0
2022-11-15 08:50:00,102.82,103.2,102.8,103.2,199998.0
2022-11-15 08:45:00,103.1,103.18,102.62,102.81,332906.0
2022-11-15 08:40:00,103.3001,103.46,103.06,103.1,272207.0
2022-11-15 08:35:00,101.46,103.49,101.46,103.37,631684.0
2022-11-15 08:30:00,101.44,101.55,101.44,101.4429,33331.0
2022-11-15 08:25:00,101.72,102.0,101.44,101.44,482743.0
2022-11-15 08:20:00,101.65,101.75,101.62,101.75,84760.0
2022-11-15 08:15:00,101.62,101.75,101.44,101.65,57974.0
2022-11-15 08:10:00,101.02,101.69,101.02,101.65,95851.0
2022-11-15 08:05:00,99.9099,102.12,98.88,101.03,457535.0
2022-11-15 08:00:00,101.19,101.19,101.06,101.1,27747.0
2022-11-15 07:55:00,101.54,101.54,101.12,101.19,28961.0
2022-11-15 07:50:00,101.6,101.7,101.52,101.54,21088.0
2022-11-15 07:45:00,101.64,101.66,101.52,101.58,21977.0
2022-11-15 07:40:00,101.75,101.84,101.61,101.61,21076.0
2022-11-15 07:35:00,101.7,101.85,101.6,101.6,28715.0
2022-11-15 07:30:00,101.64,102.1,101.63,101.73,95424.0
2022-11-15 07:25:00,101.3,101.66,101.26,101.64,77040.0
2022-11-15 07:20:00,100.7,101.3,100.7,101.28,78829.0
2022-11-15 07:15:00,100.41,100.75,100.15,100.75,114625.0
2022-11-15 07:10:00,99.9,100.64,99.9,100.54,92265.0
2022-11-15 07:05:00,100.26,100.36,99.82,99.84,62070.0
2022-11-15 07:00:00,100.14,100.35,100.14,100.35,5992.0
2022-11-15 06:55:00,100.22,100.22,100.11,100.11,7442.0
2022-11-15 06:50:00,100.1,100.22,100.1,100.22,5128.0
2022-11-15 06:45:00,99.9,100.07,99.9,100.07,4117.0
2022-11-15 06:40:00,99.9,100.17,99.9,100.0,13503.0
2022-11-15 06:35:00,100.0,100.02,99.94,99.95,2583.0
2022-11-15 06:30:00,99.89,99.99,99.85,99.97,4232.0
2022-11-15 06:25:00,99.92,99.96,99.79,99.88,5619.0
2022-11-15 06:20:00,100.0,100.0,99.78,99.87,28378.0
2022-11-15 06:15:00,99.93,100.02,99.89,100.02,15932.0
2022-11-15 06:10:00,99.74,99.98,99.73,99.98,7992.0
2022-11-15 06:05:00,99.64,99.85,99.64,99.81,7413.0
2022-11-15 06:00:00,99.54,99.64,99.53,99.58,8197.0
2022-11-15 05:55:00,99.48,99.48,99.48,99.48,231.0
2022-11-15 05:50:00,99.5,99.55,99.5,99.55,1952.0
2022-11-15 05:45:00,99.49,99.49,99.49,99.49,134.0
2022-11-15 05:40:00,99.36,99.36,99.36,99.36,415.0
2022-11-15 05:35:00,99.41,99.43,99.41,99.43,3778.0
2022-11-15 05:30:00,99.46,99.48,99.41,99.41,4717.0
2022-11-15 05:25:00,99.5,99.57,99.5,99.54,1970.0
2022-11-15 05:20:00,99.61,99.62,99.57,99.57,1730.0
2022-11-15 05:15:00,99.48,99.58,99.48,99.58,1968.0
2022-11-15 05:10:00,99.46,99.49,99.39,99.49,5184.0
2022-11-15 05:05:00,99.21,99.47,99.19,99.47,21172.0
2022-11-15 05:00:00,99.27,99.29,99.25,99.29,1433.0
2022-11-15 04:55:00,99.15,99.3,99.15,99.25,4304.0
2022-11-15 04:50:00,99.1,99.2,99.1,99.15,2031.0
2022-11-15 04:45:00,99.1,99.14,99.03,99.1,16119.0
2022-11-15 04:40:00,99.4,99.4,99.07,99.09,14763.0
2022-11-15 04:35:00,99.4,99.51,99.4,99.4,6974.0
2022-11-15 04:30:00,99.58,99.6,99.42,99.42,11720.0
2022-11-15 04:25:00,99.7,99.7,99.5,99.62,12123.0
2022-11-15 04:20:00,99.79,99.79,99.65,99.7,7288.0
2022-11-15 04:15:00,99.73,99.76,99.73,99.76,1855.0
2022-11-15 04:10:00,99.88,99.88,99.73,99.73,12435.0
2022-11-15 04:05:00,99.86,99.9,99.49,99.84,10862.0
2022-11-14 20:00:00,98.69,98.7,98.55,98.6,17201.0
2022-11-14 19:55:00,98.7,98.75,98.7,98.7399,5212.0
2022-11-14 19:50:00,98.75,98.76,98.7,98.7,3688.0
2022-11-14 19:45:00,98.71,98.79,98.71,98.75,6134.0
2022-11-14 19:40:00,98.71,98.7399,98.7,98.7099,5948.0
2022-11-14 19:35:00,98.68,98.75,98.68,98.7,8788.0
2022-11-14 19:30:00,98.66,98.68,98.66,98.68,1776.0
2022-11-14 19:25:00,98.65,98.68,98.65,98.67,5384.0
2022-11-14 19:20:00,98.71,98.72,98.65,98.65,6762.0
2022-11-14 19:15:00,98.71,98.71,98.7,98.7,5188.0
2022-11-14 19:10:00,98.75,98.75,98.7,98.7,3206.0
2022-11-14 19:05:00,98.78,98.78,98.71,98.71,5418.0
2022-11-14 19:00:00,98.74,98.8,98.7399,98.8,8535.0
2022-11-14 18:55:00,98.72,98.75,98.72,98.75,1007.0
2022-11-14 18:50:00,98.79,98.8,98.72,98.72,6574.0
2022-11-14 18:45:00,98.78,98.8,98.78,98.8,1310.0
2022-11-14 18:40:00,98.84,98.84,98.75,98.75,9737.0
2022-11-14 18:35:00,98.78,98.84,98.78,98.84,5747.0
2022-11-14 18:30:00,98.7501,98.81,98.7501,98.8,2153.0
2022-11-14 18:25:00,98.82,98.88,98.82,98.82,9358.0
2022-11-14 18:20:00,98.889,98.89,98.82,98.82,6415.0
2022-11-14 18:15:00,98.9,98.92,98.87,98.9,5668.0
2022-11-14 18:10:00,98.83,98.9,98.83,98.9,7055.0
2022-11-14 18:05:00,98.81,98.88,98.81,98.88,8796.0
2022-11-14 18:00:00,98.7,98.82,98.7,98.73,7756.0
2022-11-14 17:55:00,98.71,98.75,98.67,98.73,5269.0
2022-11-14 17:50:00,98.85,98.85,98.7,98.7,5820.0
2022-11-14 17:45:00,98.88,98.88,98.85,98.85,8682.0
2022-11-14 17:40:00,98.84,98.88,98.84,98.88,4728.0
2022-11-14 17:35:00,98.85,98.88,98.82,98.84,7706.0
2022-11-14 17:30:00,98.96,98.98,98.82,98.88,13644.0
2022-11-14 17:25:00,98.8991,98.98,98.8699,98.96,13453.0
2022-11-14 17:20:00,98.7,99.17,98.7,98.8404,58442.0
2022-11-14 17:15:00,98.65,98.71,98.65,98.71,2331.0
2022-11-14 17:10:00,98.65,98.69,98.65,98.69,7882.0
2022-11-14 17:05:00,98.63,98.66,98.61,98.65,5459.0
2022-11-14 17:00:00,98.6,98.6567,98.56,98.65,10944.0
2022-11-14 16:55:00,98.5702,98.61,98.56,98.6,7293.0
2022-11-14 16:50:00,98.63,98.69,98.56,98.56,436982.0
2022-11-14 16:45:00,98.62,98.67,98.49,98.5957,630764.0
2022-11-14 16:40:00,98.6799,98.68,98.63,98.63,9823.0
2022-11-14 16:35:00,98.66,98.69,98.63,98.69,9487.0
2022-11-14 16:30:00,98.64,98.67,98.49,98.49,72546.0
2022-11-14 16:25:00,98.67,98.67,98.64,98.64,3354455.0
2022-11-14 16:20:00,98.7,98.7,98.64,98.6402,12817.0
2022-11-14 16:15:00,98.7345,98.74,98.49,98.65,30255.0
2022-11-14 16:10:00,98.6,98.7,98.49,98.49,110789.0
2022-11-14 16:05:00,98.49,98.62,98.41,98.6,3214469.0
2022-11-14 16:00:00,98.49,98.56,98.28,98.45,3297106.0
2022-11-14 15:55:00,98.69,99.0,98.45,98.47,1692643.0
2022-11-14 15:50:00,98.81,98.9,98.61,98.6811,1012697.0
2022-11-14 15:45:00,98.89,98.96,98.77,98.805,823932.0
2022-11-14 15:40:00,98.8,98.91,98.71,98.88,886308.0
2022-11-14 15:35:00,99.19,99.19,98.8,98.808,928542.0
2022-11-14 15:30:00,99.325,99.38,99.14,99.18,602336.0
2022-11-14 15:25:00,99.38,99.49,99.21,99.3279,744446.0
2022-11-14 15:20:00,99.31,99.4,99.13,99.3701,786304.0
2022-11-14 15:15:00,99.72,99.8,99.25,99.305,889262.0
2022-11-14 15:10:00,99.805,99.9752,99.7,99.7294,895783.0
2022-11-14 15:05:00,99.55,99.84,99.54,99.805,908678.0
2022-11-14 15:00:00,99.29,99.55,99.29,99.54,627144.0
2022-11-14 14:55:00,99.2799,99.41,99.2222,99.285,575139.0
2022-11-14 14:50:00,99.52,99.58,99.2,99.275,790011.0
2022-11-14 14:45:00,99.6499,99.755,99.46,99.51,652336.0
2022-11-14 14:40:00,99.68,99.9,99.62,99.6455,663559.0
2022-11-14 14:35:00,99.82,99.855,99.66,99.67,468747.0
2022-11-14 14:30:00,99.705,99.86,99.64,99.82,648535.0
2022-11-14 14:25:00,99.7112,99.79,98.66,99.7,568483.0
2022-11-14 14:20:00,99.85,99.85,99.6,99.7122,666429.0
2022-11-14 14:15:00,99.71,99.8594,99.64,99.8574,506275.0
2022-11-14 14:10:00,99.91,99.95,99.6,99.715,688066.0
2022-11-14 14:05:00,99.93,100.09,99.85,99.92,808113.0
2022-11-14 14:00:00,99.8275,99.925,99.68,99.925,510700.0
2022-11-14 13:55:00,99.87,99.95,99.77,99.825,497790.0
2022-11-14 13:50:00,99.66,99.87,99.63,99.86,631487.0
2022-11-14 13:45:00,99.879,99.89,99.56,99.658,822897.0
2022-11-14 13:40:00,99.83,100.11,99.77,99.88,943826.0
2022-11-14 13:35:00,99.89,99.91,99.71,99.822,1223732.0
2022-11-14 13:30:00,99.6915,99.9,99.62,99.8875,703086.0
2022-11-14 13:25:00,99.47,99.75,99.35,99.7,896556.0
2022-11-14 13:20:00,99.29,99.49,99.245,99.48,831572.0
2022-11-14 13:15:00,99.2998,99.35,99.12,99.305,1232251.0
2022-11-14 13:10:00,99.33,99.42,99.25,99.3,475119.0
2022-11-14 13:05:00,99.17,99.36,99.01,99.33,590574.0
2022-11-14 13:00:00,99.34,99.35,99.01,99.1632,631825.0
2022-11-14 12:55:00,99.41,99.4699,99.3,99.3488,539448.0
2022-11-14 12:50:00,99.0599,99.43,99.055,99.4198,693950.0
2022-11-14 12:45:00,99.42,99.4258,98.95,99.055,750224.0
2022-11-14 12:40:00,99.2408,99.48,99.24,99.4135,1137187.0
2022-11-14 12:35:00,99.0659,99.29,99.0,99.245,608459.0
2022-11-14 12:30:00,98.9,99.15,98.82,99.06,715208.0
2022-11-14 12:25:00,98.805,98.91,98.43,98.8901,947956.0
2022-11-14 12:20:00,99.09,99.28,98.78,98.8,1003275.0
2022-11-14 12:15:00,98.98,99.14,98.8621,99.0701,593492.0
2022-11-14 12:10:00,98.925,99.1,98.8401,98.9999,676134.0
2022-11-14 12:05:00,98.75,99.21,98.6,98.9297,1096362.0
2022-11-14 12:00:00,98.72,98.868,98.67,98.7586,529573.0
2022-11-14 11:55:00,98.82,98.91,98.54,98.7097,653435.0
2022-11-14 11:50:00,98.48,98.98,98.475,98.84,877152.0
2022-11-14 11:45:00,98.4275,98.55,98.22,98.4799,784587.0
2022-11-14 11:40:00,98.59,98.6498,98.4,98.43,969452.0
2022-11-14 11:35:00,98.04,98.6,97.92,98.5801,1337923.0
2022-11-14 11:30:00,98.21,98.29,97.93,98.05,827636.0
2022-11-14 11:25:00,98.0399,98.3377,97.95,98.21,945619.0
2022-11-14 11:20:00,98.325,98.4,97.84,98.02,1331348.0
2022-11-14 11:15:00,98.9681,98.98,98.25,98.3291,1475744.0
2022-11-14 11:10:00,98.8936,99.0799,98.78,98.95,1212729.0
2022-11-14 11:05:00,98.95,99.1799,98.5,98.892,2212941.0
2022-11-14 11:00:00,98.92,100.1199,98.8,98.955,4003626.0
2022-11-14 10:55:00,98.1,99.18,97.97,98.91,1926358.0
2022-11-14 10:50:00,98.14,98.2157,97.9,98.1021,625028.0
2022-11-14 10:45:00,98.135,98.47,98.12,98.1499,736721.0
2022-11-14 10:40:00,98.58,98.59,97.88,98.1382,870328.0
2022-11-14 10:35:00,98.05,98.63,97.71,98.6,1065627.0
2022-11-14 10:30:00,98.265,98.31,97.81,98.04,1096309.0
2022-11-14 10:25:00,98.46,98.49,98.23,98.2613,1137957.0
2022-11-14 10:20:00,98.565,98.58,98.1801,98.47,1038938.0
2022-11-14 10:15:00,98.16,98.65,98.09,98.5699,1258262.0
2022-11-14 10:10:00,97.97,98.49,97.89,98.155,1194042.0
2022-11-14 10:05:00,97.815,98.19,97.72,97.96,1279486.0
2022-11-14 10:00:00,97.605,98.66,97.49,97.8282,2341271.0
2022-11-14 09:55:00,97.77,97.9399,97.51,97.6009,1516863.0
2022-11-14 09:50:00,98.04,98.05,97.29,97.77,2089923.0
2022-11-14 09:45:00,98.71,98.81,97.88,98.04,1796276.0
2022-11-14 09:40:00,98.34,98.85,97.58,98.71,1909398.0
2022-11-14 09:35:00,98.77,98.8,97.84,98.36,4406565.0
2022-11-14 09:30:00,99.27,99.35,98.55,98.7,153721.0
2022-11-14 09:25:00,99.24,99.35,99.15,99.35,31949.0
2022-11-14 09:20:00,99.26,99.33,99.05,99.14,94909.0
2022-11-14 09:15:00,99.42,99.47,99.26,99.26,31480.0
2022-11-14 09:10:00,99.4,99.45,99.3,99.44,43852.0
2022-11-14 09:05:00,99.2,99.48,99.2,99.4,53895.0
2022-11-14 09:00:00,99.289,99.29,99.14,99.24,84358.0
2022-11-14 08:55:00,99.27,99.31,99.212,99.3,23384.0
2022-11-14 08:50:00,99.32,99.35,99.22,99.26,34340.0
2022-11-14 08:45:00,99.39,99.43,99.28,99.28,51284.0
2022-11-14 08:40:00,99.64,99.6687,99.3,99.43,85299.0
2022-11-14 08:35:00,99.43,99.64,99.43,99.64,16041.0
2022-11-14 08:30:00,99.58,99.6,99.4,99.4,30748.0
2022-11-14 08:25:00,99.57,99.6896,99.5316,99.58,41749.0
2022-11-14 08:20:00,99.44,99.6,99.41,99.6,51756.0
2022-11-14 08:15:00,99.36,99.46,99.36,99.46,19550.0
2022-11-14 08:10:00,99.19,99.41,99.19,99.3601,22787.0
2022-11-14 08:05:00,99.8026,100.539,98.7499,99.16,250489.0
2022-11-14 08:00:00,99.46,99.46,99.38,99.4,9830.0
2022-11-14 07:55:00,99.47,99.54,99.43,99.43,18350.0
2022-11-14 07:50:00,99.32,99.45,99.27,99.41,15074.0
2022-11-14 07:45:00,99.12,99.31,99.11,99.27,21541.0
2022-11-14 07:40:00,99.4,99.4,99.12,99.12,18385.0
2022-11-14 07:35:00,99.38,99.4,99.3,99.36,16714.0
2022-11-14 07:30:00,99.19,99.38,99.19,99.38,8931.0
2022-11-14 07:25:00,99.07,99.22,99.03,99.2,7077.0
2022-11-14 07:20:00,99.33,99.33,98.72,99.07,44834.0
2022-11-14 07:15:00,99.5,99.55,99.35,99.35,13542.0
2022-11-14 07:10:00,99.52,99.68,99.45,99.5,31485.0
2022-11-14 07:05:00,99.8,99.92,99.51,99.55,36488.0
2022-11-14 07:00:00,99.75,99.84,99.7,99.79,14797.0
2022-11-14 06:50:00,99.8,99.8,99.8,99.8,675.0
2022-11-14 06:45:00,99.75,99.75,99.7,99.7,2224.0
2022-11-14 06:40:00,99.75,99.75,99.73,99.73,1983.0
2022-11-14 06:35:00,99.7,99.75,99.64,99.75,3418.0
2022-11-14 06:30:00,99.7,99.7,99.63,99.63,753.0
2022-11-14 06:25:00,99.7,99.7,99.7,99.7,148.0
2022-11-14 06:20:00,99.7,99.74,99.7,99.74,2414.0
2022-11-14 06:15:00,99.63,99.63,99.63,99.63,370.0
2022-11-14 06:05:00,99.72,99.72,99.72,99.72,854.0
2022-11-14 05:55:00,99.67,99.67,99.67,99.67,447.0
2022-11-14 05:50:00,99.62,99.62,99.53,99.6,4941.0
2022-11-14 05:45:00,99.65,99.65,99.5,99.63,6296.0
2022-11-14 05:40:00,99.71,99.73,99.65,99.65,3056.0
2022-11-14 05:35:00,99.72,99.72,99.71,99.71,550.0
2022-11-14 05:30:00,99.74,99.8,99.7,99.7,3191.0
2022-11-14 05:25:00,99.7,99.71,99.7,99.71,480.0
2022-11-14 05:20:00,99.65,99.71,99.6,99.7,1720.0
2022-11-14 05:15:00,99.71,99.79,99.71,99.79,697.0
2022-11-14 05:10:00,99.7,99.7,99.7,99.7,349.0
2022-11-14 05:05:00,99.71,99.83,99.61,99.7,5090.0
2022-11-14 05:00:00,99.76,99.76,99.72,99.72,2186.0
2022-11-14 04:55:00,99.75,99.75,99.7,99.71,1442.0
2022-11-14 04:50:00,99.77,99.82,99.77,99.82,2673.0
2022-11-14 04:45:00,99.77,99.82,99.77,99.82,2090.0
2022-11-14 04:40:00,99.61,99.65,99.61,99.65,1379.0
2022-11-14 04:35:00,99.69,99.7,99.6,99.62,1745.0
2022-11-14 04:30:00,99.65,99.66,99.51,99.64,7851.0
2022-11-14 04:25:00,99.65,99.66,99.65,99.66,804.0
2022-11-14 04:20:00,99.73,99.76,99.65,99.65,2202.0
2022-11-14 04:15:00,99.69,99.8,99.68,99.8,3028.0
2022-11-14 04:10:00,100.1,100.1,99.55,99.71,12044.0
2022-11-14 04:05:00,100.79,100.79,100.0,100.1,11202.0
2022-11-11 20:00:00,100.7201,100.76,100.71,100.76,12473.0
2022-11-11 19:55:00,100.75,100.76,100.7,100.7201,5676.0
2022-11-11 19:50:00,100.71,100.75,100.7,100.75,5672.0
2022-11-11 19:45:00,100.7,100.74,100.7,100.72,4641.0
2022-11-11 19:40:00,100.72,100.74,100.7,100.7,5348.0
2022-11-11 19:35:00,100.73,100.76,100.71,100.76,2476.0
2022-11-11 19:30:00,100.72,100.75,100.71,100.73,7147.0
2022-11-11 19:25:00,100.7099,100.7099,100.7099,100.7099,182.0
2022-11-11 19:20:00,100.64,100.7199,100.64,100.66,1872.0
2022-11-11 19:15:00,100.72,100.75,100.65,100.66,8946.0
2022-11-11 19:10:00,100.7,100.7,100.69,100.69,1287.0
2022-11-11 19:05:00,100.68,100.68,100.66,100.66,813.0
2022-11-11 19:00:00,100.66,100.75,100.65,100.6611,6302.0
2022-11-11 18:55:00,100.72,100.72,100.6,100.61,15054.0
2022-11-11 18:50:00,100.7,100.7499,100.7,100.7499,3529.0
2022-11-11 18:45:00,100.73,100.75,100.7,100.71,4821.0
2022-11-11 18:40:00,100.73,100.74,100.7,100.7,1590.0
2022-11-11 18:35:00,100.66,100.74,100.64,100.7,5059.0
2022-11-11 18:30:00,100.7,100.7,100.65,100.65,2728.0
2022-11-11 18:25:00,100.65,100.7,100.65,100.68,4539.0
2022-11-11 18:20:00,100.72,100.72,100.62,100.71,5084.0
2022-11-11 18:15:00,100.67,100.69,100.67,100.69,1972.0
2022-11-11 18:10:00,100.66,100.72,100.66,100.69,871.0
2022-11-11 18:05:00,100.7,100.72,100.66,100.72,2096.0
2022-11-11 18:00:00,100.73,100.7399,100.64,100.7384,4735.0
2022-11-11 17:55:00,100.7,100.74,100.63,100.7,4751.0
2022-11-11 17:50:00,100.71,100.78,100.69,100.7,4100.0
2022-11-11 17:45:00,100.65,100.7,100.62,100.7,16814.0
2022-11-11 17:40:00,100.63,100.68,100.61,100.65,5280.0
2022-11-11 17:35:00,100.63,100.6489,100.61,100.61,6212.0
2022-11-11 17:30:00,100.61,100.63,100.6,100.63,5001.0
2022-11-11 17:25:00,100.62,100.66,100.6,100.66,4844.0
2022-11-11 17:20:00,100.62,100.68,100.62,100.62,3976.0
2022-11-11 17:15:00,100.64,100.65,100.59,100.6,5011.0
2022-11-11 17:10:00,100.63,100.64,100.56,100.64,4358.0
2022-11-11 17:05:00,100.54,100.64,100.52,100.62,11055.0
2022-11-11 17:00:00,100.59,100.79,100.52,100.54,8228.0
2022-11-11 16:55:00,100.64,100.64,100.55,100.57,189289.0
2022-11-11 16:50:00,100.58,100.65,100.58,100.6394,21776.0
2022-11-11 16:45:00,100.57,100.6,100.51,100.58,8730.0
2022-11-11 16:40:00,100.58,100.65,100.51,100.57,11895.0
2022-11-11 16:35:00,100.64,100.79,100.56,100.58,88193.0
2022-11-11 16:30:00,100.68,100.68,100.55,100.63,19741.0
2022-11-11 16:25:00,100.67,100.79,100.58,100.61,86396.0
2022-11-11 16:20:00,100.6,100.76,100.58,100.67,26602.0
2022-11-11 16:15:00,100.72,100.8,100.44,100.62,233186.0
2022-11-11 16:10:00,100.76,100.8,100.64,100.7,121935.0
2022-11-11 16:05:00,100.76,100.87,100.66,100.77,1392914.0
2022-11-11 16:00:00,100.91,100.925,100.67,100.79,2769692.0
2022-11-11 15:55:00,100.87,101.02,100.7,100.89,1943796.0
2022-11-11 15:50:00,100.695,100.88,100.67,100.8689,1310746.0
2022-11-11 15:45:00,100.6657,100.74,100.62,100.6911,919526.0
2022-11-11 15:40:00,100.56,100.68,100.34,100.68,895365.0
2022-11-11 15:35:00,100.545,100.74,100.47,100.57,869510.0
2022-11-11 15:30:00,100.2699,100.63,100.235,100.54,1029934.0
2022-11-11 15:25:00,100.12,100.4399,100.095,100.27,972998.0
2022-11-11 15:20:00,100.025,100.15,99.88,100.12,1180463.0
2022-11-11 15:15:00,100.305,100.32,99.97,100.025,1209202.0
2022-11-11 15:10:00,100.56,100.62,100.19,100.3,1095684.0
2022-11-11 15:05:00,100.91,100.92,100.55,100.56,784360.0
2022-11-11 15:00:00,100.9101,100.95,100.71,100.91,713719.0
2022-11-11 14:55:00,100.97,101.08,100.85,100.9115,754950.0
2022-11-11 14:50:00,101.07,101.12,100.9414,100.975,543830.0
2022-11-11 14:45:00,100.98,101.155,100.9601,101.075,716560.0
2022-11-11 14:40:00,100.9709,100.99,100.88,100.9799,529794.0
2022-11-11 14:35:00,101.12,101.13,100.94,100.979,649949.0
2022-11-11 14:30:00,101.12,101.17,100.9618,101.13,733854.0
2022-11-11 14:25:00,100.66,101.14,100.64,101.12,1068066.0
2022-11-11 14:20:00,100.64,100.7,100.54,100.66,771545.0
2022-11-11 14:15:00,100.88,100.95,100.54,100.635,706185.0
2022-11-11 14:10:00,100.9818,101.19,100.65,100.89,1257181.0
2022-11-11 14:05:00,100.97,101.0,100.77,100.99,679688.0
2022-11-11 14:00:00,100.955,101.01,100.92,100.97,657741.0
2022-11-11 13:55:00,100.7443,101.0,100.67,100.95,697900.0
2022-11-11 13:50:00,100.82,100.83,99.145,100.75,947425.0
2022-11-11 13:45:00,100.885,100.99,100.71,100.82,725013.0
2022-11-11 13:40:00,100.9799,101.0,100.73,100.885,1009374.0
2022-11-11 13:35:00,100.975,101.02,100.87,100.975,1273842.0
2022-11-11 13:30:00,100.93,101.0,100.84,100.9774,1066215.0
2022-11-11 13:25:00,100.73,100.94,100.635,100.933,975594.0
2022-11-11 13:20:00,100.3859,100.78,100.3635,100.73,763114.0
2022-11-11 13:15:00,100.5135,100.67,100.37,100.373,798804.0
2022-11-11 13:10:00,100.41,100.59,100.24,100.5189,814740.0
2022-11-11 13:05:00,100.25,100.49,100.225,100.4115,957338.0
2022-11-11 13:00:00,100.16,100.4,100.15,100.255,965392.0
2022-11-11 12:55:00,99.94,100.18,99.935,100.17,683714.0
2022-11-11 12:50:00,99.8291,99.9497,99.76,99.945,588473.0
2022-11-11 12:45:00,99.6903,99.85,99.55,99.83,517321.0
2022-11-11 12:40:00,99.6476,99.8594,99.5814,99.6965,546380.0
2022-11-11 12:35:00,99.98,100.13,99.54,99.65,817915.0
2022-11-11 12:30:00,99.86,100.1,99.8111,99.98,690414.0
2022-11-11 12:25:00,99.7001,100.04,99.62,99.87,885802.0
2022-11-11 12:20:00,99.495,99.97,99.45,99.6909,1116157.0
2022-11-11 12:15:00,99.15,99.73,99.1401,99.49,1065573.0
2022-11-11 12:10:00,98.96,99.15,98.8001,99.14,586094.0
2022-11-11 12:05:00,99.08,99.1786,98.85,98.9683,831880.0
2022-11-11 12:00:00,99.09,99.17,98.91,99.09,721201.0
2022-11-11 11:55:00,99.11,99.265,99.03,99.088,818096.0
2022-11-11 11:50:00,99.0,99.13,98.85,99.12,756087.0
2022-11-11 11:45:00,98.73,99.07,98.66,99.0,1023752.0
2022-11-11 11:40:00,98.93,99.04,98.72,98.7385,1142366.0
2022-11-11 11:35:00,99.29,99.32,98.92,98.9217,1325295.0
2022-11-11 11:30:00,99.625,99.74,99.21,99.295,1508420.0
2022-11-11 11:25:00,99.97,100.1,99.45,99.625,1233613.0
2022-11-11 11:20:00,99.625,99.995,99.44,99.9624,1102390.0
2022-11-11 11:15:00,99.8799,99.93,99.45,99.6249,1234419.0
2022-11-11 11:10:00,100.19,100.38,99.85,99.8709,1028171.0
2022-11-11 11:05:00,100.1199,100.4,100.03,100.2131,1146868.0
2022-11-11 11:00:00,100.22,100.35,100.02,100.1121,1185702.0
2022-11-11 10:55:00,100.435,100.55,100.13,100.24,1351913.0
2022-11-11 10:50:00,100.005,100.45,99.81,100.435,1599589.0
2022-11-11 10:45:00,99.76,100.02,99.61,100.0,1225958.0
2022-11-11 10:40:00,100.075,100.14,99.55,99.7552,1845486.0
2022-11-11 10:35:00,100.56,100.78,100.0,100.08,2469477.0
2022-11-11 10:30:00,100.0105,100.605,99.93,100.555,2414367.0
2022-11-11 10:25:00,99.755,100.47,99.56,100.0104,3652054.0
2022-11-11 10:20:00,99.42,99.85,98.11,99.755,1859910.0
2022-11-11 10:15:00,99.05,99.73,99.0001,99.43,2256155.0
2022-11-11 10:10:00,98.51,99.12,98.49,99.05,1965168.0
2022-11-11 10:05:00,98.64,99.16,98.14,98.5,2165679.0
2022-11-11 10:00:00,99.0,99.02,98.4,98.67,1891539.0
2022-11-11 09:55:00,99.36,99.58,98.78,99.002,2760942.0
2022-11-11 09:50:00,98.08,99.51,98.08,99.345,4178061.0
2022-11-11 09:45:00,97.74,98.36,97.41,98.08,2351243.0
2022-11-11 09:40:00,97.3,97.8424,96.66,97.74,2706653.0
2022-11-11 09:35:00,97.88,98.78,97.17,97.2918,5356174.0
2022-11-11 09:30:00,97.5,97.98,97.43,97.89,202105.0
2022-11-11 09:25:00,97.78,97.81,97.3,97.46,228552.0
2022-11-11 09:20:00,98.29,98.29,97.75,97.76,225932.0
2022-11-11 09:15:00,98.3,98.38,98.3,98.3,142483.0
2022-11-11 09:10:00,98.31,98.38,98.25,98.3,99708.0
2022-11-11 09:05:00,98.47,98.5,98.07,98.3,167119.0
2022-11-11 09:00:00,98.57,98.59,98.31,98.47,1195954.0
2022-11-11 08:55:00,98.7,98.73,98.55,98.55,60515.0
2022-11-11 08:50:00,98.67,98.8,98.67,98.7,67261.0
2022-11-11 08:45:00,98.6,98.73,98.5,98.69,96377.0
2022-11-11 08:40:00,98.7,98.77,98.51,98.6,97426.0
2022-11-11 08:35:00,98.9,98.93,98.61,98.64,125360.0
2022-11-11 08:30:00,98.88,99.0,98.84,98.92,111639.0
2022-11-11 08:25:00,99.0,99.2,98.8,98.8501,164945.0
2022-11-11 08:20:00,98.73,99.0,98.72,99.0,68539.0
2022-11-11 08:15:00,98.75,98.76,98.7,98.73,87021.0
2022-11-11 08:10:00,98.78,98.8,98.74,98.75,71546.0
2022-11-11 08:05:00,98.0,98.78,96.389,98.78,242364.0
2022-11-11 08:00:00,98.43,98.69,98.42,98.69,52300.0
2022-11-11 07:55:00,98.29,98.45,98.25,98.4,50212.0
2022-11-11 07:50:00,98.18,98.39,98.18,98.25,38534.0
2022-11-11 07:45:00,98.18,98.29,98.18,98.18,59643.0
2022-11-11 07:40:00,98.25,98.3,98.18,98.18,40912.0
2022-11-11 07:35:00,98.09,98.29,97.94,98.28,41898.0
2022-11-11 07:30:00,97.91,98.16,97.9,98.0,67066.0
2022-11-11 07:25:00,97.8,97.89,97.74,97.89,21845.0
2022-11-11 07:20:00,97.7,97.87,97.7,97.85,33009.0
2022-11-11 07:15:00,97.88,97.88,97.72,97.72,22584.0
2022-11-11 07:10:00,97.82,97.85,97.75,97.85,38456.0
2022-11-11 07:05:00,97.9,97.97,97.75,97.81,50100.0
2022-11-11 07:00:00,97.85,97.9,97.85,97.85,3523.0
2022-11-11 06:55:00,97.8,97.9,97.8,97.9,20651.0
2022-11-11 06:50:00,97.78,97.78,97.62,97.7,4383.0
2022-11-11 06:45:00,97.82,97.86,97.81,97.86,3411.0
2022-11-11 06:40:00,97.96,98.0,97.89,97.89,9204.0
2022-11-11 06:35:00,97.98,98.0,97.96,97.99,9674.0
2022-11-11 06:30:00,97.88,97.88,97.88,97.88,1707.0
2022-11-11 06:25:00,97.89,98.0,97.89,97.99,3858.0
2022-11-11 06:20:00,97.8,97.88,97.8,97.88,3130.0
2022-11-11 06:15:00,97.85,97.9,97.79,97.8,5088.0
2022-11-11 06:10:00,97.77,97.8,97.73,97.78,6516.0
2022-11-11 06:05:00,97.81,97.81,97.74,97.75,3472.0
2022-11-11 06:00:00,97.88,97.89,97.88,97.89,1317.0
2022-11-11 05:55:00,97.78,97.8,97.78,97.8,13470.0
2022-11-11 05:50:00,97.8,97.91,97.6,97.6,7527.0
2022-11-11 05:45:00,97.98,97.98,97.8,97.8,2062.0
2022-11-11 05:40:00,98.05,98.1,97.91,97.93,8770.0
2022-11-11 05:35:00,97.9,98.23,97.9,98.0,34294.0
2022-11-11 05:30:00,98.05,98.05,97.88,97.9,6691.0
2022-11-11 05:25:00,98.15,98.17,98.1,98.1,3164.0
2022-11-11 05:20:00,98.2,98.27,97.99,98.26,15852.0
2022-11-11 05:15:00,98.11,98.19,98.09,98.1,27902.0
2022-11-11 05:10:00,98.16,98.16,98.05,98.1,4966.0
2022-11-11 05:05:00,98.17,98.3,98.16,98.24,17090.0
2022-11-11 05:00:00,98.05,98.15,98.05,98.15,1263.0
2022-11-11 04:55:00,98.04,98.05,98.0,98.0,3237.0
2022-11-11 04:50:00,97.94,98.05,97.85,98.04,6570.0
2022-11-11 04:45:00,97.9,97.92,97.9,97.92,1748.0
2022-11-11 04:40:00,97.92,98.06,97.9,97.9,6053.0
2022-11-11 04:35:00,97.97,98.02,97.95,97.95,3243.0
2022-11-11 04:30:00,98.03,98.09,97.99,98.0,14279.0
2022-11-11 04:25:00,98.11,98.16,98.02,98.03,13085.0
2022-11-11 04:20:00,98.18,98.2,98.0,98.1,9227.0
2022-11-11 04:15:00,98.3,98.3,98.08,98.08,11959.0
2022-11-11 04:10:00,98.39,98.49,98.22,98.22,45365.0
2022-11-11 04:05:00,98.62,98.62,97.56,98.39,53568.0
2022-11-10 20:00:00,96.97,97.0,96.95,96.99,29392.0
2022-11-10 19:55:00,96.85,96.97,96.85,96.97,6529.0
2022-11-10 19:50:00,96.83,96.98,96.78,96.85,10326.0
2022-11-10 19:45:00,96.8,96.81,96.75,96.8,10043.0
2022-11-10 19:40:00,96.85,96.94,96.75,96.78,9483.0
2022-11-10 19:35:00,96.8499,96.9,96.8499,96.86,2844.0
2022-11-10 19:30:00,96.77,96.89,96.77,96.8,10381.0
2022-11-10 19:25:00,96.7,96.79,96.6999,96.79,5834.0
2022-11-10 19:20:00,96.8,96.8,96.68,96.68,7076.0
2022-11-10 19:15:00,96.89,96.91,96.8,96.8,4555.0
2022-11-10 19:10:00,96.92,96.92,96.8,96.8,4567.0
2022-11-10 19:05:00,96.9,96.95,96.86,96.9,4722.0
2022-11-10 19:00:00,96.9,96.96,96.87,96.9,16967.0
2022-11-10 18:55:00,96.8,96.9,96.8,96.9,12002.0
2022-11-10 18:50:00,96.85,96.85,96.8,96.8,6099.0
2022-11-10 18:45:00,96.79,96.85,96.75,96.85,7943.0
2022-11-10 18:40:00,96.74,96.8,96.74,96.8,1765.0
2022-11-10 18:35:00,96.71,96.73,96.69,96.72,4540.0
2022-11-10 18:30:00,96.7,96.76,96.68,96.7,6238.0
2022-11-10 18:25:00,96.68,96.74,96.68,96.72,3174.0
2022-11-10 18:20:00,96.75,96.75,96.7,96.71,4624.0
2022-11-10 18:15:00,96.74,96.79,96.7,96.77,6532.0
2022-11-10 18:10:00,96.72,96.75,96.7,96.75,11475.0
2022-11-10 18:05:00,96.82,96.82,96.73,96.79,16301.0
2022-11-10 18:00:00,96.91,96.91,96.81,96.84,5113.0
2022-11-10 17:55:00,96.8,96.95,96.78,96.82,14923.0
2022-11-10 17:50:00,96.8,96.84,96.8,96.81,3568.0
2022-11-10 17:45:00,96.87,96.88,96.8,96.88,20608.0
2022-11-10 17:40:00,96.85,96.88,96.85,96.88,12543.0
2022-11-10 17:35:00,96.8992,96.8992,96.85,96.85,9157.0
2022-11-10 17:30:00,96.75,96.92,96.75,96.85,26839.0
2022-11-10 17:25:00,96.92,96.92,96.71,96.7999,13492.0
2022-11-10 17:20:00,96.9401,96.95,96.85,96.9,17917.0
2022-11-10 17:15:00,96.94,96.95,96.9,96.94,12138.0
2022-11-10 17:10:00,96.99,97.0,96.9,96.95,26078.0
2022-11-10 17:05:00,96.85,96.99,96.85,96.98,28072.0
2022-11-10 17:00:00,96.98,96.98,96.63,96.83,563513.0
2022-11-10 16:55:00,96.62,96.98,96.62,96.98,67408.0
2022-11-10 16:50:00,96.64,96.75,96.62,96.64,37184.0
2022-11-10 16:45:00,96.65,96.72,96.6,96.7,26972.0
2022-11-10 16:40:00,96.65,96.72,96.6,96.6,65373.0
2022-11-10 16:35:00,96.56,96.74,96.55,96.63,33786.0
2022-11-10 16:30:00,96.48,96.63,96.42,96.53,116055.0
2022-11-10 16:25:00,96.4,96.63,96.35,96.48,322915.0
2022-11-10 16:20:00,96.4,96.44,96.32,96.39,48629.0
2022-11-10 16:15:00,96.57,96.63,96.35,96.41,429708.0
2022-11-10 16:10:00,96.62,96.64,96.51,96.56,263293.0
2022-11-10 16:05:00,96.63,96.66,96.41,96.62,2525477.0
2022-11-10 16:00:00,96.45,96.76,96.39,96.58,3960341.0
2022-11-10 15:55:00,96.245,96.52,96.15,96.445,2511493.0
2022-11-10 15:50:00,96.34,96.38,95.95,96.2418,1971327.0
2022-11-10 15:45:00,96.385,96.43,96.18,96.34,1632970.0
2022-11-10 15:40:00,96.36,96.46,96.3402,96.38,982527.0
2022-11-10 15:35:00,96.1886,96.51,96.18,96.37,1288511.0
2022-11-10 15:30:00,96.28,96.34,96.03,96.18,1519152.0
2022-11-10 15:25:00,96.505,96.58,96.28,96.2814,1068611.0
2022-11-10 15:20:00,96.66,96.74,96.425,96.505,1281585.0
2022-11-10 15:15:00,96.49,96.7,96.33,96.66,1289229.0
2022-11-10 15:10:00,95.7799,96.5,95.7799,96.495,1330477.0
2022-11-10 15:05:00,96.04,96.05,95.58,95.77,862787.0
2022-11-10 15:00:00,96.0601,96.1148,95.86,96.05,721307.0
2022-11-10 14:55:00,95.95,96.15,95.85,96.065,722578.0
2022-11-10 14:50:00,95.785,96.02,95.745,95.945,820220.0
2022-11-10 14:45:00,95.87,95.96,95.66,95.785,721370.0
2022-11-10 14:40:00,96.015,96.04,95.82,95.875,642523.0
2022-11-10 14:35:00,96.16,96.21,95.65,96.0198,1032481.0
2022-11-10 14:30:00,96.205,96.35,96.12,96.18,874654.0
2022-11-10 14:25:00,96.17,96.21,95.81,96.21,951954.0
2022-11-10 14:20:00,96.175,96.43,96.14,96.1633,937218.0
2022-11-10 14:15:00,96.145,96.19,96.03,96.17,610335.0
2022-11-10 14:10:00,96.2654,96.322,96.06,96.15,702835.0
2022-11-10 14:05:00,95.85,96.37,95.81,96.265,1077928.0
2022-11-10 14:00:00,96.07,96.0799,95.7,95.8513,985378.0
2022-11-10 13:55:00,96.14,96.14,95.915,96.0604,856858.0
2022-11-10 13:50:00,95.99,96.17,95.9212,96.14,984231.0
2022-11-10 13:45:00,95.875,96.04,95.66,95.9901,948251.0
2022-11-10 13:40:00,95.83,95.98,95.69,95.879,668366.0
2022-11-10 13:35:00,96.0,96.09,95.57,95.84,740851.0
2022-11-10 13:30:00,95.8033,96.0399,95.7826,95.9905,702676.0
2022-11-10 13:25:00,96.23,96.28,95.8,95.81,802654.0
2022-11-10 13:20:00,96.2601,96.49,96.09,96.2301,1172634.0
2022-11-10 13:15:00,96.17,96.3337,96.01,96.2601,973438.0
2022-11-10 13:10:00,95.8999,96.17,95.771,96.1657,862091.0
2022-11-10 13:05:00,95.69,96.07,95.43,95.8896,1557630.0
2022-11-10 13:00:00,95.91,96.08,95.63,95.68,2226118.0
2022-11-10 12:55:00,95.71,96.02,95.6,95.9,1080847.0
2022-11-10 12:50:00,96.09,96.09,95.565,95.703,1552804.0
2022-11-10 12:45:00,96.33,96.34,95.88,96.095,1327710.0
2022-11-10 12:40:00,96.615,96.76,96.29,96.3219,854019.0
2022-11-10 12:35:00,96.95,96.9544,96.25,96.6044,1361223.0
2022-11-10 12:30:00,96.375,97.0799,96.29,96.9401,1658290.0
2022-11-10 12:25:00,96.51,96.5899,95.98,96.3601,1747765.0
2022-11-10 12:20:00,96.545,96.76,96.38,96.51,1506474.0
2022-11-10 12:15:00,97.4904,97.629,96.53,96.55,1576576.0
2022-11-10 12:10:00,97.8,97.82,97.31,97.55,1392565.0
2022-11-10 12:05:00,97.66,97.8799,97.61,97.7974,1382596.0
2022-11-10 12:00:00,97.395,97.6995,97.37,97.67,1238391.0
2022-11-10 11:55:00,97.43,97.54,97.31,97.3902,962483.0
2022-11-10 11:50:00,97.12,97.5,97.1,97.44,1068968.0
2022-11-10 11:45:00,97.33,97.44,97.08,97.1205,1424126.0
2022-11-10 11:40:00,96.9099,97.4,96.6321,97.32,1641124.0
2022-11-10 11:35:00,97.01,97.11,96.8,96.9,1661523.0
2022-11-10 11:30:00,97.14,97.18,96.77,97.01,2109024.0
2022-11-10 11:25:00,97.455,97.56,97.08,97.14,1440033.0
2022-11-10 11:20:00,97.935,97.95,97.25,97.4576,1487190.0
2022-11-10 11:15:00,97.35,98.08,97.12,97.935,2954219.0
2022-11-10 11:10:00,97.85,98.25,97.18,97.35,2874162.0
2022-11-10 11:05:00,97.45,98.01,97.44,97.8357,2959533.0
2022-11-10 11:00:00,97.87,97.9,97.11,97.44,4869392.0
2022-11-10 10:55:00,96.65,98.69,96.64,97.8799,8201990.0
2022-11-10 10:50:00,95.53,96.68,95.26,96.64,4920578.0
2022-11-10 10:45:00,93.85,95.63,93.805,95.545,4686421.0
2022-11-10 10:40:00,94.42,94.52,93.83,93.855,1386484.0
2022-11-10 10:35:00,94.915,95.03,94.33,94.43,1536856.0
2022-11-10 10:30:00,95.12,95.14,94.69,94.9,1527238.0
2022-11-10 10:25:00,94.6,95.2,94.39,95.13,2380164.0
2022-11-10 10:20:00,94.77,94.89,94.12,94.5892,1965973.0
2022-11-10 10:15:00,94.8,95.08,94.63,94.77,2127811.0
2022-11-10 10:10:00,95.12,95.2,94.6,94.79,2423974.0
2022-11-10 10:05:00,95.03,95.46,94.91,95.11,4034440.0
2022-11-10 10:00:00,94.245,95.2,94.24,95.03,4041358.0
2022-11-10 09:55:00,94.08,94.25,93.81,94.2498,2926037.0
2022-11-10 09:50:00,92.53,94.11,92.53,94.07,3858047.0
2022-11-10 09:45:00,92.43,92.61,91.65,92.5376,3598842.0
2022-11-10 09:40:00,92.89,93.43,92.2,92.43,4639301.0
2022-11-10 09:35:00,92.935,93.43,92.77,92.86,8669847.0
2022-11-10 09:30:00,92.5,93.0,92.25,92.96,851511.0
2022-11-10 09:25:00,92.28,92.61,92.2,92.5,936147.0
2022-11-10 09:20:00,92.21,92.33,92.1,92.28,293041.0
2022-11-10 09:15:00,91.68,92.24,91.66,92.24,410835.0
2022-11-10 09:10:00,91.48,91.89,91.43,91.71,1185007.0
2022-11-10 09:05:00,91.5127,91.6,91.4,91.48,358603.0
2022-11-10 09:00:00,90.88,91.56,90.87,91.52,430334.0
2022-11-10 08:55:00,90.9699,91.01,90.6,90.85,380872.0
2022-11-10 08:50:00,90.39,91.1,90.24,90.95,621267.0
2022-11-10 08:45:00,90.4,90.5,89.8411,90.39,557774.0
2022-11-10 08:40:00,90.02,90.52,89.75,90.38,697750.0
2022-11-10 08:35:00,86.92,90.25,86.75,90.0,1061969.0
2022-11-10 08:30:00,86.87,86.93,86.8,86.92,46420.0
2022-11-10 08:25:00,86.89,86.92,86.8,86.86,45741.0
2022-11-10 08:20:00,87.1,87.1,86.9,86.92,40396.0
2022-11-10 08:15:00,86.75,87.09,86.75,87.09,82796.0
2022-11-10 08:10:00,86.75,86.78,86.75,86.76,39864.0
2022-11-10 08:05:00,86.5,86.96,86.3001,86.75,186593.0
2022-11-10 08:00:00,86.58,86.78,86.56,86.68,26665.0
2022-11-10 07:55:00,86.67,86.69,86.59,86.59,8853.0
2022-11-10 07:50:00,86.68,86.72,86.63,86.65,16847.0
2022-11-10 07:45:00,86.7,86.72,86.63,86.64,20936.0
2022-11-10 07:40:00,86.66,86.77,86.62,86.7,24779.0
2022-11-10 07:35:00,86.63,86.65,86.63,86.65,4545.0
2022-11-10 07:30:00,86.55,86.68,86.55,86.68,9566.0
2022-11-10 07:25:00,86.55,86.57,86.5,86.55,9528.0
2022-11-10 07:20:00,86.5,86.56,86.5,86.56,15882.0
2022-11-10 07:15:00,86.48,86.51,86.48,86.5,8970.0
2022-11-10 07:10:00,86.43,86.46,86.4,86.4,23076.0
2022-11-10 07:05:00,86.55,86.6,86.25,86.4,33276.0
2022-11-10 07:00:00,86.6,86.6,86.55,86.6,5713.0
2022-11-10 06:50:00,86.69,86.69,86.63,86.63,1471.0
2022-11-10 06:45:00,86.59,86.69,86.59,86.69,5540.0
2022-11-10 06:40:00,86.56,86.62,86.5,86.62,14236.0
2022-11-10 06:35:00,86.52,86.53,86.52,86.53,1084.0
2022-11-10 06:30:00,86.6,86.61,86.53,86.56,4626.0
2022-11-10 06:25:00,86.58,86.6,86.58,86.59,8000.0
2022-11-10 06:20:00,86.55,86.58,86.55,86.58,5105.0
2022-11-10 06:15:00,86.55,86.55,86.55,86.55,3758.0
2022-11-10 06:10:00,86.55,86.55,86.55,86.55,653.0
2022-11-10 06:05:00,86.51,86.54,86.36,86.45,4234.0
2022-11-10 06:00:00,86.4,86.51,86.4,86.51,9581.0
2022-11-10 05:55:00,86.43,86.5,86.4,86.4,617.0
2022-11-10 05:50:00,86.52,86.52,86.51,86.51,3387.0
2022-11-10 05:45:00,86.57,86.59,86.49,86.59,1574.0
2022-11-10 05:40:00,86.6,86.6,86.48,86.57,2423.0
2022-11-10 05:35:00,86.55,86.65,86.55,86.6,2003.0
2022-11-10 05:30:00,86.6,86.6,86.38,86.55,6019.0
2022-11-10 05:25:00,86.53,86.58,86.5,86.5,1640.0
2022-11-10 05:20:00,86.45,86.5,86.36,86.45,4774.0
2022-11-10 05:15:00,86.47,86.47,86.36,86.44,4531.0
2022-11-10 05:10:00,86.53,86.53,86.46,86.47,3199.0
2022-11-10 05:05:00,86.44,86.54,86.44,86.53,2708.0
2022-11-10 05:00:00,86.57,86.59,86.51,86.51,13171.0
2022-11-10 04:55:00,86.68,86.69,86.58,86.58,2673.0
2022-11-10 04:50:00,86.7,86.7,86.66,86.66,874.0
2022-11-10 04:45:00,86.66,86.7,86.62,86.7,2960.0
2022-11-10 04:40:00,86.65,86.7,86.57,86.7,2948.0
2022-11-10 04:35:00,86.55,86.65,86.55,86.57,21657.0
2022-11-10 04:25:00,86.49,86.6,86.49,86.6,4425.0
2022-11-10 04:20:00,86.5,86.5,86.37,86.37,11686.0
2022-11-10 04:15:00,86.59,86.6,86.5,86.5,7837.0
2022-11-10 04:10:00,86.42,86.7,86.42,86.59,9092.0
2022-11-10 04:05:00,86.93,86.93,86.41,86.41,6839.0
2022-11-09 20:00:00,86.26,86.32,86.25,86.25,18294.0
2022-11-09 19:55:00,86.3,86.33,86.26,86.2601,10344.0
2022-11-09 19:50:00,86.29,86.3,86.22,86.25,8489.0
2022-11-09 19:45:00,86.27,86.32,86.24,86.3,10441.0
2022-11-09 19:40:00,86.3,86.32,86.25,86.25,10652.0
2022-11-09 19:35:00,86.31,86.32,86.24,86.24,6522.0
2022-11-09 19:30:00,86.2999,86.34,86.22,86.32,7421.0
2022-11-09 19:25:00,86.21,86.33,86.2,86.33,18718.0
2022-11-09 19:20:00,86.22,86.25,86.18,86.24,7992.0
2022-11-09 19:15:00,86.22,86.25,86.19,86.21,5841.0
2022-11-09 19:10:00,86.19,86.22,86.19,86.22,9223.0
2022-11-09 19:05:00,86.2,86.2,86.16,86.19,5847.0
2022-11-09 19:00:00,86.2,86.21,86.18,86.2,7132.0
2022-11-09 18:55:00,86.25,86.27,86.2,86.2,6276.0
2022-11-09 18:50:00,86.24,86.25,86.2,86.24,4855.0
2022-11-09 18:45:00,86.25,86.26,86.16,86.24,3460.0
2022-11-09 18:40:00,86.2,86.27,86.2,86.27,5651.0
2022-11-09 18:35:00,86.25,86.28,86.22,86.22,6604.0
2022-11-09 18:30:00,86.23,86.25,86.23,86.25,4230.0
2022-11-09 18:25:00,86.23,86.28,86.22,86.23,9825.0
2022-11-09 18:20:00,86.1999,86.22,86.18,86.22,4725.0
2022-11-09 18:15:00,86.15,86.2,86.15,86.16,7857.0
2022-11-09 18:10:00,86.23,86.27,86.2,86.2,8210.0
2022-11-09 18:05:00,86.15,86.25,86.15,86.24,17255.0
2022-11-09 18:00:00,86.1499,86.15,86.1,86.13,8350.0
2022-11-09 17:55:00,86.13,86.15,86.13,86.14,14145.0
2022-11-09 17:50:00,86.13,86.15,86.1,86.13,233364.0
2022-11-09 17:45:00,86.145,86.15,86.07,86.1301,9984.0
2022-11-09 17:40:00,86.13,86.14,86.1,86.11,7369.0
2022-11-09 17:35:00,86.0701,86.14,86.07,86.1399,11182.0
2022-11-09 17:30:00,86.15,86.2319,86.0735,86.0735,80705.0
2022-11-09 17:25:00,86.1803,86.23,86.15,86.15,10590.0
2022-11-09 17:20:00,86.25,86.25,86.19,86.19,4591.0
2022-11-09 17:15:00,86.14,86.25,86.1304,86.25,8366.0
2022-11-09 17:10:00,86.22,86.25,86.1,86.19,9907.0
2022-11-09 17:05:00,86.1801,86.25,86.1801,86.2101,17553.0
2022-11-09 17:00:00,86.23,86.24,86.2,86.2,12807.0
2022-11-09 16:55:00,86.21,86.23,86.18,86.2,26754.0
2022-11-09 16:50:00,86.24,86.3,86.01,86.22,41550.0
2022-11-09 16:45:00,86.23,86.28,86.2,86.21,18825.0
2022-11-09 16:40:00,86.28,86.28,86.23,86.23,26437.0
2022-11-09 16:35:00,86.14,86.28,86.14,86.26,58074.0
2022-11-09 16:30:00,86.2,86.28,86.1806,86.1806,18104.0
2022-11-09 16:25:00,86.1513,86.25,86.15,86.2,35458.0
2022-11-09 16:20:00,86.25,86.2562,86.14,86.14,63694.0
2022-11-09 16:15:00,86.18,86.3,86.14,86.25,173644.0
2022-11-09 16:10:00,86.2,86.25,86.14,86.1701,444730.0
2022-11-09 16:05:00,86.14,86.2,86.1,86.18,1026660.0
2022-11-09 16:00:00,86.215,86.3,86.08,86.14,3148240.0
2022-11-09 15:55:00,86.17,86.43,86.145,86.205,1628206.0
2022-11-09 15:50:00,86.33,86.45,86.09,86.17,1414408.0
2022-11-09 15:45:00,86.5,86.535,86.31,86.34,1128393.0
2022-11-09 15:40:00,86.78,86.8,86.485,86.49,973803.0
2022-11-09 15:35:00,86.79,86.83,86.53,86.775,1118847.0
2022-11-09 15:30:00,86.75,86.85,86.66,86.785,972581.0
2022-11-09 15:25:00,86.76,86.92,86.64,86.745,1042302.0
2022-11-09 15:20:00,86.4699,86.765,86.445,86.7611,974163.0
2022-11-09 15:15:00,86.635,86.7,86.43,86.47,847594.0
2022-11-09 15:10:00,86.465,86.79,86.4218,86.63,955335.0
2022-11-09 15:05:00,86.245,86.46,86.17,86.46,998945.0
2022-11-09 15:00:00,86.155,86.27,86.1,86.24,784610.0
2022-11-09 14:55:00,86.265,86.2799,86.0717,86.155,753838.0
2022-11-09 14:50:00,86.36,86.395,86.08,86.2723,746013.0
2022-11-09 14:45:00,86.27,86.5,86.17,86.3675,803321.0
2022-11-09 14:40:00,86.3201,86.46,86.2398,86.28,698969.0
2022-11-09 14:35:00,86.81,86.815,86.28,86.3298,901991.0
2022-11-09 14:30:00,86.6299,86.82,86.6199,86.8085,866480.0
2022-11-09 14:25:00,86.525,86.67,86.41,86.6266,676079.0
2022-11-09 14:20:00,86.6089,86.6089,86.375,86.525,742171.0
2022-11-09 14:15:00,86.565,86.6479,86.44,86.6,686276.0
2022-11-09 14:10:00,86.519,86.65,86.4306,86.5613,832374.0
2022-11-09 14:05:00,86.375,86.58,86.34,86.52,821590.0
2022-11-09 14:00:00,86.185,86.39,86.09,86.3771,802988.0
2022-11-09 13:55:00,86.03,86.24,86.02,86.185,957639.0
2022-11-09 13:50:00,85.99,86.08,85.87,86.0262,930559.0
2022-11-09 13:45:00,86.03,86.11,85.9,86.0,1292730.0
2022-11-09 13:40:00,86.14,86.15,85.92,86.02,1724127.0
2022-11-09 13:35:00,86.52,86.54,86.14,86.145,1308098.0
2022-11-09 13:30:00,86.644,88.6,86.4501,86.5297,844181.0
2022-11-09 13:25:00,86.7598,86.87,86.6231,86.6404,500896.0
2022-11-09 13:20:00,86.77,86.82,86.67,86.7615,466764.0
2022-11-09 13:15:00,86.84,86.88,86.6,86.775,637494.0
2022-11-09 13:10:00,86.77,86.8501,86.66,86.84,571204.0
2022-11-09 13:05:00,86.83,86.96,86.5201,86.76,1102223.0
2022-11-09 13:00:00,86.8988,86.9194,86.75,86.8204,785221.0
2022-11-09 12:55:00,87.0128,87.08,86.88,86.8913,628288.0
2022-11-09 12:50:00,86.97,87.03,86.92,87.0199,594424.0
2022-11-09 12:45:00,86.95,87.03,86.88,86.9713,909969.0
2022-11-09 12:40:00,87.14,87.18,86.9,86.945,1113044.0
2022-11-09 12:35:00,87.115,87.2,87.01,87.14,688459.0
2022-11-09 12:30:00,87.19,87.25,87.02,87.11,786674.0
2022-11-09 12:25:00,87.16,87.38,87.14,87.193,598132.0
2022-11-09 12:20:00,87.205,87.31,87.105,87.1601,816295.0
2022-11-09 12:15:00,87.38,87.43,87.2001,87.21,556178.0
2022-11-09 12:10:00,87.52,87.55,87.275,87.38,619764.0
2022-11-09 12:05:00,87.53,87.66,87.49,87.52,409311.0
2022-11-09 12:00:00,87.765,87.85,87.47,87.5289,513535.0
2022-11-09 11:55:00,87.8,87.99,87.72,87.76,619649.0
2022-11-09 11:50:00,87.977,88.0,87.78,87.7905,700110.0
2022-11-09 11:45:00,87.49,88.04,87.4501,87.973,1116323.0
2022-11-09 11:40:00,87.27,87.52,87.18,87.495,601537.0
2022-11-09 11:35:00,87.45,87.47,87.255,87.27,584594.0
2022-11-09 11:30:00,87.46,87.73,87.34,87.46,732279.0
2022-11-09 11:25:00,87.3413,87.4547,87.13,87.4547,890516.0
2022-11-09 11:20:00,87.543,87.769,87.34,87.345,783353.0
2022-11-09 11:15:00,87.61,87.66,87.49,87.55,635997.0
2022-11-09 11:10:00,87.5,87.66,87.34,87.6,789802.0
2022-11-09 11:05:00,87.35,87.575,87.17,87.505,840690.0
2022-11-09 11:00:00,87.4901,87.65,87.1201,87.3492,1137956.0
2022-11-09 10:55:00,87.64,87.675,87.45,87.49,837979.0
2022-11-09 10:50:00,87.4,87.67,87.35,87.635,948929.0
2022-11-09 10:45:00,87.46,87.52,87.19,87.4001,1192667.0
2022-11-09 10:40:00,87.56,87.74,87.35,87.45,1001177.0
2022-11-09 10:35:00,87.865,87.95,87.27,87.57,1553826.0
2022-11-09 10:30:00,88.44,88.5,87.836,87.86,1099127.0
2022-11-09 10:25:00,88.22,88.45,88.0,88.44,1206241.0
2022-11-09 10:20:00,88.045,88.45,87.92,88.2,1378051.0
2022-11-09 10:15:00,88.175,88.18,87.72,88.045,1198155.0
2022-11-09 10:10:00,87.87,88.26,87.8106,88.19,1731503.0
2022-11-09 10:05:00,87.625,87.93,87.43,87.865,1514469.0
2022-11-09 10:00:00,87.97,87.98,87.51,87.62,1826119.0
2022-11-09 09:55:00,88.24,88.241,87.77,87.97,2287099.0
2022-11-09 09:50:00,88.67,89.06,88.02,88.23,2023654.0
2022-11-09 09:45:00,88.51,88.6801,88.32,88.6747,1626080.0
2022-11-09 09:40:00,88.46,88.78,88.34,88.52,1470977.0
2022-11-09 09:35:00,89.47,89.48,88.4141,88.49,2413426.0
2022-11-09 09:30:00,89.68,89.7,89.32,89.47,44578.0
2022-11-09 09:25:00,89.92,89.92,89.61,89.67,33553.0
2022-11-09 09:20:00,90.04,90.05,89.91,89.91,26382.0
2022-11-09 09:15:00,89.73,90.06,89.73,90.06,31751.0
2022-11-09 09:10:00,89.7227,89.79,89.6652,89.7295,29132.0
2022-11-09 09:05:00,89.69,89.86,89.65,89.79,32844.0
2022-11-09 09:00:00,89.6801,89.79,89.6014,89.69,23229.0
2022-11-09 08:55:00,90.0,90.0,89.68,89.72,24439.0
2022-11-09 08:50:00,89.98,90.0,89.816,90.0,26780.0
2022-11-09 08:45:00,89.72,89.96,89.72,89.9,23018.0
2022-11-09 08:40:00,89.75,89.8,89.6715,89.77,34120.0
2022-11-09 08:35:00,89.6303,89.74,89.58,89.74,22439.0
2022-11-09 08:30:00,89.7,89.7199,89.4,89.62,52616.0
2022-11-09 08:25:00,89.75,89.79,89.5616,89.73,52789.0
2022-11-09 08:20:00,89.85,89.86,89.7101,89.75,27502.0
2022-11-09 08:15:00,90.19,90.19,89.84,89.85,52043.0
2022-11-09 08:10:00,90.4,90.42,90.18,90.18,31060.0
2022-11-09 08:05:00,89.9,90.61,89.0,90.44,189947.0
2022-11-09 08:00:00,90.4,90.6,90.32,90.32,35514.0
2022-11-09 07:55:00,90.22,90.48,90.22,90.4,28445.0
2022-11-09 07:50:00,90.32,90.32,90.22,90.25,11588.0
2022-11-09 07:45:00,90.03,90.34,90.03,90.32,26288.0
2022-11-09 07:40:00,89.92,89.99,89.92,89.99,17077.0
2022-11-09 07:35:00,89.77,89.95,89.77,89.9,17509.0
2022-11-09 07:30:00,89.73,89.75,89.7,89.7,14206.0
2022-11-09 07:25:00,89.71,89.78,89.7,89.72,14090.0
2022-11-09 07:20:00,89.75,89.81,89.65,89.71,5054.0
2022-11-09 07:15:00,89.82,89.82,89.63,89.75,12543.0
2022-11-09 07:10:00,89.85,89.85,89.78,89.8,12252.0
2022-11-09 07:05:00,90.03,90.08,89.84,89.87,14791.0
2022-11-09 07:00:00,89.95,89.95,89.93,89.93,679.0
2022-11-09 06:50:00,90.08,90.08,89.97,90.08,1221.0
2022-11-09 06:45:00,90.11,90.12,90.0,90.12,4601.0
2022-11-09 06:40:00,90.0,90.14,90.0,90.14,4751.0
2022-11-09 06:35:00,90.25,90.26,90.25,90.26,1853.0
2022-11-09 06:30:00,90.17,90.17,90.17,90.17,535.0
2022-11-09 06:25:00,90.34,90.37,90.26,90.26,5342.0
2022-11-09 06:20:00,90.29,90.37,90.2,90.3,7164.0
2022-11-09 06:15:00,90.09,90.2,90.09,90.2,1650.0
2022-11-09 06:10:00,89.93,89.98,89.93,89.98,2842.0
2022-11-09 06:00:00,89.9,89.96,89.9,89.96,1493.0
2022-11-09 05:55:00,89.89,89.89,89.89,89.89,314.0
2022-11-09 05:50:00,89.88,89.97,89.88,89.9,2385.0
2022-11-09 05:45:00,89.89,89.9,89.87,89.89,6179.0
2022-11-09 05:35:00,89.59,89.7,89.59,89.7,4096.0
2022-11-09 05:25:00,89.57,89.57,89.57,89.57,100.0
2022-11-09 05:20:00,89.31,89.31,89.31,89.31,763.0
2022-11-09 05:15:00,89.55,89.55,89.2,89.2,6349.0
2022-11-09 05:10:00,89.67,89.67,89.41,89.55,6952.0
2022-11-09 05:05:00,89.7,89.7,89.67,89.67,2677.0
2022-11-09 05:00:00,89.82,89.82,89.66,89.66,2614.0
2022-11-09 04:55:00,89.83,89.83,89.83,89.83,387.0
2022-11-09 04:50:00,89.94,90.0,89.89,90.0,2358.0
2022-11-09 04:45:00,90.06,90.06,90.01,90.01,2495.0
2022-11-09 04:35:00,90.07,90.07,90.07,90.07,380.0
2022-11-09 04:30:00,90.07,90.07,90.07,90.07,220.0
2022-11-09 04:25:00,90.0,90.05,90.0,90.05,1662.0
2022-11-09 04:20:00,90.03,90.03,89.98,89.98,915.0
2022-11-09 04:15:00,90.12,90.12,90.12,90.12,1182.0
2022-11-09 04:10:00,90.29,90.3,90.24,90.24,2037.0
2022-11-09 04:05:00,90.53,90.53,90.17,90.34,4477.0
2022-11-08 20:00:00,90.06,90.1499,90.06,90.12,10284.0
2022-11-08 19:55:00,90.0,90.1,90.0,90.05,8872.0
2022-11-08 19:50:00,90.13,90.13,90.0,90.0,5923.0
2022-11-08 19:45:00,90.18,90.2,90.13,90.13,2262.0
2022-11-08 19:40:00,90.0999,90.24,90.0999,90.24,3456.0
2022-11-08 19:35:00,90.07,90.11,90.07,90.1,3215.0
2022-11-08 19:30:00,90.02,90.05,90.0,90.0,2976.0
2022-11-08 19:25:00,90.06,90.09,90.06,90.0601,1914.0
2022-11-08 19:20:00,90.07,90.11,90.06,90.06,4314.0
2022-11-08 19:15:00,90.02,90.1,90.0,90.06,3390.0
2022-11-08 19:10:00,90.05,90.05,89.95,90.0,6305.0
2022-11-08 19:05:00,90.14,90.14,90.02,90.02,8788.0
2022-11-08 19:00:00,90.16,90.2,90.13,90.2,4568.0
2022-11-08 18:55:00,90.1499,90.18,90.1,90.15,6152.0
2022-11-08 18:50:00,90.11,90.15,90.06,90.15,7670.0
2022-11-08 18:45:00,90.1,90.18,90.05,90.18,3663.0
2022-11-08 18:40:00,90.12,90.14,90.09,90.09,3302.0
2022-11-08 18:35:00,90.1,90.12,90.01,90.12,7977.0
2022-11-08 18:30:00,90.07,90.1,90.02,90.1,5135.0
2022-11-08 18:25:00,90.0,90.09,90.0,90.07,8194.0
2022-11-08 18:20:00,90.05,90.15,90.0,90.15,5941.0
2022-11-08 18:15:00,89.94,90.04,89.92,90.04,11937.0
2022-11-08 18:10:00,89.92,90.0,89.92,89.94,9372.0
2022-11-08 18:05:00,89.89,89.92,89.83,89.92,1783.0
2022-11-08 18:00:00,89.88,89.88,89.83,89.83,5984.0
2022-11-08 17:55:00,89.94,89.95,89.82,89.88,9341.0
2022-11-08 17:50:00,89.9401,89.95,89.94,89.95,6205.0
2022-11-08 17:45:00,89.96,89.96,89.94,89.95,6616.0
2022-11-08 17:40:00,89.9113,89.96,89.9113,89.95,5039.0
2022-11-08 17:35:00,89.91,89.94,89.9,89.91,3598.0
2022-11-08 17:30:00,89.9,89.96,89.9,89.92,6300.0
2022-11-08 17:25:00,89.95,89.96,89.89,89.96,7561.0
2022-11-08 17:20:00,89.91,89.96,89.87,89.9,8878.0
2022-11-08 17:15:00,89.8501,90.0,89.84,89.9,28226.0
2022-11-08 17:10:00,89.82,89.9,89.82,89.87,7300.0
2022-11-08 17:05:00,89.89,89.91,89.82,89.82,7332.0
2022-11-08 17:00:00,89.9,89.94,89.9,89.91,4246.0
2022-11-08 16:55:00,89.92,89.92,89.83,89.92,5525.0
2022-11-08 16:50:00,89.84,89.9,89.8,89.9,10913.0
2022-11-08 16:45:00,89.81,89.89,89.73,89.83,16078.0
2022-11-08 16:40:00,89.87,89.92,89.81,89.84,221954.0
2022-11-08 16:35:00,89.84,89.98,89.8,89.87,17312.0
2022-11-08 16:30:00,89.82,89.98,89.8,89.81,34210.0
2022-11-08 16:25:00,89.87,89.87,89.77,89.81,12118.0
2022-11-08 16:20:00,89.86,89.9,89.8,89.85,18946.0
2022-11-08 16:15:00,89.65,89.98,89.65,89.98,92136.0
2022-11-08 16:10:00,89.76,89.98,89.65,89.68,177430.0
2022-11-08 16:05:00,89.98,90.1,89.77,89.77,1170643.0
2022-11-08 16:00:00,90.25,90.255,89.88,90.0,2423197.0
2022-11-08 15:55:00,90.56,90.65,90.24,90.25,1147359.0
2022-11-08 15:50:00,90.44,90.79,90.42,90.55,1201935.0
2022-11-08 15:45:00,90.52,90.56,90.29,90.44,955277.0
2022-11-08 15:40:00,90.63,90.9,89.2,90.51,1293091.0
2022-11-08 15:35:00,90.33,90.68,90.32,90.63,1437221.0
2022-11-08 15:30:00,89.955,90.35,89.95,90.34,1241811.0
2022-11-08 15:25:00,89.9176,89.99,89.81,89.965,662636.0
2022-11-08 15:20:00,89.9,90.05,89.78,89.92,806609.0
2022-11-08 15:15:00,89.726,89.97,89.61,89.8998,802890.0
2022-11-08 15:10:00,89.55,89.78,89.4401,89.7073,821629.0
2022-11-08 15:05:00,89.025,89.678,88.95,89.55,1347542.0
2022-11-08 15:00:00,89.17,89.24,89.0,89.03,575168.0
2022-11-08 14:55:00,89.23,89.32,89.1,89.1876,766652.0
2022-11-08 14:50:00,89.12,89.34,89.03,89.225,1047683.0
2022-11-08 14:45:00,88.895,89.2,88.77,89.125,797738.0
2022-11-08 14:40:00,88.57,88.96,88.44,88.8912,1985437.0
2022-11-08 14:35:00,88.37,88.6,88.23,88.56,1107558.0
2022-11-08 14:30:00,88.82,88.83,88.37,88.3848,1295873.0
2022-11-08 14:25:00,89.34,89.413,88.78,88.8226,1498041.0
2022-11-08 14:20:00,89.4472,89.545,89.28,89.34,663939.0
2022-11-08 14:15:00,89.4,89.45,89.19,89.4493,777933.0
2022-11-08 14:10:00,89.63,89.74,89.37,89.4016,766741.0
2022-11-08 14:05:00,89.64,89.88,89.58,89.645,628130.0
2022-11-08 14:00:00,90.07,90.1452,89.52,89.64,847966.0
2022-11-08 13:55:00,89.935,90.1297,89.89,90.08,645881.0
2022-11-08 13:50:00,90.18,90.21,89.91,89.9204,559911.0
2022-11-08 13:45:00,90.2,90.281,90.065,90.18,457873.0
2022-11-08 13:40:00,90.225,90.31,90.03,90.195,1689353.0
2022-11-08 13:35:00,90.2487,90.2487,89.89,90.225,1205268.0
2022-11-08 13:30:00,90.61,90.66,90.14,90.245,999641.0
2022-11-08 13:25:00,91.17,91.18,90.51,90.61,1221150.0
2022-11-08 13:20:00,91.375,91.39,91.16,91.1616,784178.0
2022-11-08 13:15:00,91.46,91.4787,91.32,91.3765,346818.0
2022-11-08 13:10:00,91.425,91.5484,91.26,91.4525,566968.0
2022-11-08 13:05:00,91.155,91.45,91.13,91.42,570657.0
2022-11-08 13:00:00,90.97,91.2,90.96,91.16,638111.0
2022-11-08 12:55:00,91.07,91.11,90.84,90.96,663427.0
2022-11-08 12:50:00,91.245,91.2677,91.06,91.07,486149.0
2022-11-08 12:45:00,91.26,91.31,91.11,91.24,481526.0
2022-11-08 12:40:00,91.21,91.3,91.075,91.27,512751.0
2022-11-08 12:35:00,91.3201,91.38,91.18,91.21,500164.0
2022-11-08 12:30:00,91.195,91.37,91.11,91.3285,530877.0
2022-11-08 12:25:00,91.14,91.25,91.1,91.1939,592819.0
2022-11-08 12:20:00,91.3,91.32,91.1,91.14,762784.0
2022-11-08 12:15:00,91.445,91.6,91.27,91.29,1240227.0
2022-11-08 12:10:00,91.18,91.45,91.08,91.44,1044796.0
2022-11-08 12:05:00,91.09,91.19,90.97,91.1743,805958.0
2022-11-08 12:00:00,91.17,91.17,90.99,91.09,575881.0
2022-11-08 11:55:00,91.1582,91.2289,90.97,91.16,1051115.0
2022-11-08 11:50:00,91.38,91.41,91.1,91.15,805575.0
2022-11-08 11:45:00,91.57,91.667,91.325,91.38,890653.0
2022-11-08 11:40:00,91.66,91.72,91.52,91.5713,800902.0
2022-11-08 11:35:00,91.59,91.7,91.41,91.66,993912.0
2022-11-08 11:30:00,91.37,91.65,91.35,91.5872,1004603.0
2022-11-08 11:25:00,91.085,91.4,91.02,91.37,911868.0
2022-11-08 11:20:00,91.0399,91.155,90.87,91.08,835679.0
2022-11-08 11:15:00,90.97,91.1,90.95,91.03,2152670.0
2022-11-08 11:10:00,90.58,90.98,90.47,90.9675,827840.0
2022-11-08 11:05:00,90.71,90.75,90.44,90.585,690222.0
2022-11-08 11:00:00,90.6921,90.79,90.64,90.7,571340.0
2022-11-08 10:55:00,90.89,90.91,90.65,90.698,814714.0
2022-11-08 10:50:00,90.785,90.98,90.7245,90.88,1082183.0
2022-11-08 10:45:00,90.66,90.895,90.59,90.7801,951270.0
2022-11-08 10:40:00,90.62,90.86,90.5061,90.68,890399.0
2022-11-08 10:35:00,90.447,90.73,90.36,90.61,1061333.0
2022-11-08 10:30:00,90.48,90.63,90.36,90.43,889822.0
2022-11-08 10:25:00,90.22,90.55,90.185,90.48,1042801.0
2022-11-08 10:20:00,89.98,90.38,89.93,90.225,1243069.0
2022-11-08 10:15:00,89.98,90.16,89.78,89.97,1098404.0
2022-11-08 10:10:00,89.88,90.27,89.865,89.9885,1035842.0
2022-11-08 10:05:00,89.61,90.18,89.47,89.89,1527012.0
2022-11-08 10:00:00,89.69,90.7,89.6,89.61,1739132.0
2022-11-08 09:55:00,89.54,89.8,89.394,89.6855,1120565.0
2022-11-08 09:50:00,89.41,89.58,89.11,89.548,1722823.0
2022-11-08 09:45:00,89.855,89.93,89.31,89.42,1464817.0
2022-11-08 09:40:00,89.9,90.21,89.77,89.8341,1384743.0
2022-11-08 09:35:00,90.79,90.95,89.68,89.89,3060560.0
2022-11-08 09:30:00,90.94,91.0,90.58,90.74,51936.0
2022-11-08 09:25:00,90.92,90.99,90.85,90.94,32258.0
2022-11-08 09:20:00,90.98,91.03,90.92,90.92,20847.0
2022-11-08 09:15:00,91.04,91.05,90.9,90.98,40968.0
2022-11-08 09:10:00,91.12,91.12,91.02,91.06,29206.0
2022-11-08 09:05:00,91.02,91.15,90.53,91.1,514991.0
2022-11-08 09:00:00,91.1115,91.12,91.0,91.02,22914.0
2022-11-08 08:55:00,91.03,91.14,91.02,91.1,35964.0
2022-11-08 08:50:00,91.07,91.07,90.95,91.0399,20309.0
2022-11-08 08:45:00,90.97,91.1,90.91,91.07,50464.0
2022-11-08 08:40:00,90.87,91.0,90.85,90.98,21384.0
2022-11-08 08:35:00,90.8,90.95,90.8,90.88,22312.0
2022-11-08 08:30:00,90.8799,90.93,90.75,90.75,19921.0
2022-11-08 08:25:00,90.78,90.9,90.75,90.87,24499.0
2022-11-08 08:20:00,90.8,90.85,90.75,90.75,10473.0
2022-11-08 08:15:00,90.8,90.8648,90.67,90.81,29996.0
2022-11-08 08:10:00,90.91,90.91,90.81,90.81,18159.0
2022-11-08 08:05:00,91.07,91.17,90.304,90.91,139408.0
2022-11-08 08:00:00,90.9,90.97,90.9,90.95,6209.0
2022-11-08 07:55:00,90.9,90.94,90.87,90.94,6932.0
2022-11-08 07:50:00,90.88,90.93,90.85,90.93,9217.0
2022-11-08 07:45:00,90.9,90.9,90.88,90.88,1799.0
2022-11-08 07:40:00,90.9,90.9,90.87,90.87,3034.0
2022-11-08 07:35:00,90.88,90.93,90.88,90.93,9641.0
2022-11-08 07:30:00,90.9,90.92,90.88,90.92,9299.0
2022-11-08 07:25:00,90.9,90.92,90.88,90.92,2423.0
2022-11-08 07:20:00,91.0,91.01,90.82,90.88,24593.0
2022-11-08 07:15:00,91.08,91.11,91.0,91.0,6340.0
2022-11-08 07:10:00,90.99,91.15,90.99,91.1,10097.0
2022-11-08 07:05:00,91.03,91.12,90.95,90.97,19812.0
2022-11-08 07:00:00,91.13,91.13,91.03,91.04,1577.0
2022-11-08 06:55:00,91.14,91.16,91.0,91.16,4674.0
2022-11-08 06:50:00,90.99,91.15,90.99,91.14,6916.0
2022-11-08 06:45:00,91.0,91.0,90.97,90.97,14295.0
2022-11-08 06:40:00,90.98,91.0,90.96,91.0,2067.0
2022-11-08 06:35:00,90.92,90.94,90.92,90.94,1953.0
2022-11-08 06:30:00,90.9,90.93,90.9,90.93,1546.0
2022-11-08 06:25:00,90.85,90.85,90.85,90.85,1188.0
2022-11-08 06:15:00,90.85,90.9,90.84,90.89,1433.0
2022-11-08 06:10:00,90.71,90.71,90.71,90.71,204.0
2022-11-08 06:00:00,90.81,90.81,90.6,90.64,5177.0
2022-11-08 05:50:00,90.81,90.85,90.81,90.85,924.0
2022-11-08 05:45:00,90.82,90.86,90.82,90.86,854.0
2022-11-08 05:40:00,90.77,90.81,90.77,90.81,738.0
2022-11-08 05:35:00,90.95,90.97,90.8,90.8,3242.0
2022-11-08 05:30:00,90.82,90.82,90.82,90.82,2112.0
2022-11-08 05:25:00,90.89,90.89,90.85,90.85,654.0
2022-11-08 05:20:00,90.96,91.0,90.96,91.0,3139.0
2022-11-08 05:15:00,90.96,90.96,90.96,90.96,481.0
2022-11-08 05:10:00,90.87,91.0,90.86,90.93,7679.0
2022-11-08 05:05:00,90.87,90.87,90.87,90.87,101.0
2022-11-08 05:00:00,90.8,90.85,90.8,90.85,4415.0
2022-11-08 04:55:00,90.77,90.77,90.77,90.77,2022.0
2022-11-08 04:50:00,90.79,90.8,90.75,90.75,2241.0
2022-11-08 04:45:00,90.81,90.81,90.78,90.78,1544.0
2022-11-08 04:40:00,90.79,90.82,90.74,90.8,4688.0
2022-11-08 04:35:00,90.78,90.78,90.74,90.75,2149.0
2022-11-08 04:30:00,90.64,90.7,90.64,90.7,2505.0
2022-11-08 04:25:00,90.43,90.55,90.41,90.55,2322.0
2022-11-08 04:20:00,90.51,90.51,90.5,90.5,3378.0
2022-11-08 04:15:00,90.6,90.6,90.5,90.5,716.0
2022-11-08 04:10:00,90.47,90.54,90.46,90.54,3966.0
2022-11-08 04:05:00,90.7,90.72,90.53,90.54,3821.0
2022-11-07 20:00:00,90.84,90.84,90.75,90.82,10276.0
2022-11-07 19:55:00,90.7,90.8,90.69,90.8,5794.0
2022-11-07 19:50:00,90.7,90.7,90.6,90.7,5123.0
2022-11-07 19:45:00,90.7501,90.84,90.65,90.7,8388.0
2022-11-07 19:40:00,90.65,90.8,90.65,90.77,9060.0
2022-11-07 19:35:00,90.45,90.8,90.45,90.8,17610.0
2022-11-07 19:30:00,90.48,90.48,90.45,90.45,6543.0
2022-11-07 19:25:00,90.4,90.45,90.4,90.45,5293.0
2022-11-07 19:20:00,90.36,90.4,90.35,90.35,2216.0
2022-11-07 19:15:00,90.35,90.39,90.34,90.36,2823.0
2022-11-07 19:10:00,90.38,90.39,90.35,90.35,1240.0
2022-11-07 19:05:00,90.3,90.35,90.25,90.35,10627.0
2022-11-07 19:00:00,90.3499,90.37,90.28,90.29,6846.0
2022-11-07 18:55:00,90.33,90.35,90.24,90.3499,6910.0
2022-11-07 18:50:00,90.28,90.3,90.25,90.3,3882.0
2022-11-07 18:45:00,90.28,90.3,90.2,90.28,10625.0
2022-11-07 18:40:00,90.37,90.37,90.06,90.28,24148.0
2022-11-07 18:35:00,90.44,90.44,90.36,90.37,8045.0
2022-11-07 18:30:00,90.5,90.53,90.4,90.44,7174.0
2022-11-07 18:25:00,90.47,90.55,90.47,90.5,4242.0
2022-11-07 18:20:00,90.52,90.52,90.46,90.5,2738.0
2022-11-07 18:15:00,90.46,90.54,90.46,90.52,3167.0
2022-11-07 18:10:00,90.49,90.5,90.41,90.43,3079.0
2022-11-07 18:05:00,90.47,90.5,90.4201,90.4701,5703.0
2022-11-07 18:00:00,90.47,90.5,90.45,90.48,6010.0
2022-11-07 17:55:00,90.5,90.5,90.4501,90.47,5791.0
2022-11-07 17:50:00,90.4994,90.5,90.45,90.4501,3444.0
2022-11-07 17:45:00,90.5,90.5,90.42,90.5,8430.0
2022-11-07 17:40:00,90.52,90.5399,90.46,90.5,7057.0
2022-11-07 17:35:00,90.5,90.53,90.43,90.52,6393.0
2022-11-07 17:30:00,90.51,90.51,90.42,90.4201,4003.0
2022-11-07 17:25:00,90.48,90.53,90.48,90.49,5072.0
2022-11-07 17:20:00,90.421,90.5,90.4101,90.4501,5489.0
2022-11-07 17:15:00,90.5,90.53,90.45,90.45,11414.0
2022-11-07 17:10:00,90.47,90.53,90.41,90.4322,6480.0
2022-11-07 17:05:00,90.5,90.53,90.42,90.5,9099.0
2022-11-07 17:00:00,90.5,90.57,90.47,90.5,6116.0
2022-11-07 16:55:00,90.4357,90.53,90.43,90.51,9490.0
2022-11-07 16:50:00,90.5,90.53,90.3758,90.49,15397.0
2022-11-07 16:45:00,90.53,90.61,90.34,90.5,62266.0
2022-11-07 16:40:00,90.55,90.55,90.45,90.5002,14373.0
2022-11-07 16:35:00,90.63,90.63,90.54,90.54,8403.0
2022-11-07 16:30:00,90.62,90.65,90.61,90.64,11685.0
2022-11-07 16:25:00,90.6,90.6,90.53,90.6,364985.0
2022-11-07 16:20:00,90.58,90.62,90.53,90.6,67286.0
2022-11-07 16:15:00,90.58,90.62,90.53,90.58,123851.0
2022-11-07 16:10:00,90.58,90.6,90.53,90.57,424168.0
2022-11-07 16:05:00,90.54,90.64,90.4675,90.61,549170.0
2022-11-07 16:00:00,90.485,90.58,90.33,90.55,2161864.0
2022-11-07 15:55:00,90.6261,90.69,90.44,90.49,1453137.0
2022-11-07 15:50:00,90.595,90.685,90.525,90.63,892288.0
2022-11-07 15:45:00,90.4801,90.62,90.44,90.595,726459.0
2022-11-07 15:40:00,90.525,90.5713,90.3716,90.485,836704.0
2022-11-07 15:35:00,90.59,90.7,90.49,90.52,881857.0
2022-11-07 15:30:00,90.605,90.8,90.54,90.605,957501.0
2022-11-07 15:25:00,90.62,90.64,90.37,90.6083,933263.0
2022-11-07 15:20:00,90.585,90.68,90.5,90.62,766961.0
2022-11-07 15:15:00,90.51,90.64,90.4,90.5899,790294.0
2022-11-07 15:10:00,90.63,90.6486,90.43,90.518,585044.0
2022-11-07 15:05:00,90.46,90.8,90.4591,90.6175,813981.0
2022-11-07 15:00:00,90.675,90.69,90.37,90.46,812919.0
2022-11-07 14:55:00,90.765,90.85,89.845,90.675,770605.0
2022-11-07 14:50:00,90.67,90.81,90.64,90.7693,741598.0
2022-11-07 14:45:00,90.6704,90.7394,90.55,90.68,696854.0
2022-11-07 14:40:00,90.73,90.75,90.63,90.6788,805922.0
2022-11-07 14:35:00,90.44,90.75,90.39,90.7299,955567.0
2022-11-07 14:30:00,90.3436,90.47,90.25,90.44,874237.0
2022-11-07 14:25:00,90.42,90.425,90.23,90.34,869217.0
2022-11-07 14:20:00,89.9822,90.4542,89.9822,90.4211,1130266.0
2022-11-07 14:15:00,89.83,90.0,89.8,89.985,719640.0
2022-11-07 14:10:00,89.9109,89.95,89.72,89.81,563691.0
2022-11-07 14:05:00,89.81,89.98,89.81,89.9176,649043.0
2022-11-07 14:00:00,89.665,89.83,89.6,89.8097,590308.0
2022-11-07 13:55:00,89.505,89.74,89.48,89.6617,544190.0
2022-11-07 13:50:00,89.345,89.53,89.335,89.51,466239.0
2022-11-07 13:45:00,89.395,89.395,89.27,89.345,382687.0
2022-11-07 13:40:00,89.44,89.45,89.29,89.3902,479224.0
2022-11-07 13:35:00,89.58,89.65,89.4499,89.45,400379.0
2022-11-07 13:30:00,89.42,89.59,89.35,89.5779,530826.0
2022-11-07 13:25:00,89.66,89.69,89.418,89.429,492558.0
2022-11-07 13:20:00,89.67,89.75,89.53,89.67,507117.0
2022-11-07 13:15:00,89.7201,89.81,89.65,89.68,661781.0
2022-11-07 13:10:00,89.44,89.75,89.43,89.7279,671377.0
2022-11-07 13:05:00,89.25,89.51,89.22,89.433,1270633.0
2022-11-07 13:00:00,89.14,89.28,89.04,89.2589,543123.0
2022-11-07 12:55:00,89.18,89.31,89.11,89.14,433772.0
2022-11-07 12:50:00,89.2653,89.39,89.05,89.19,723311.0
2022-11-07 12:45:00,89.29,89.39,89.2,89.2686,452715.0
2022-11-07 12:40:00,89.48,89.51,89.16,89.245,574642.0
2022-11-07 12:35:00,89.49,89.58,89.42,89.4673,539569.0
2022-11-07 12:30:00,89.56,89.5779,89.3401,89.49,449412.0
2022-11-07 12:25:00,89.42,89.57,89.36,89.57,487110.0
2022-11-07 12:20:00,89.4284,89.45,89.2,89.41,547688.0
2022-11-07 12:15:00,89.31,89.53,89.31,89.4298,507927.0
2022-11-07 12:10:00,89.19,89.39,89.13,89.3202,662402.0
2022-11-07 12:05:00,89.33,89.39,89.13,89.2,809331.0
2022-11-07 12:00:00,89.37,89.64,89.3,89.34,834811.0
2022-11-07 11:55:00,89.7214,89.74,89.3509,89.37,863743.0
2022-11-07 11:50:00,89.58,89.76,89.51,89.72,791632.0
2022-11-07 11:45:00,90.0001,90.0001,89.52,89.5901,807611.0
2022-11-07 11:40:00,90.2409,90.2451,89.97,90.01,724737.0
2022-11-07 11:35:00,90.28,90.37,90.18,90.2367,677124.0
2022-11-07 11:30:00,90.22,90.5,90.06,90.2814,892579.0
2022-11-07 11:25:00,90.09,90.32,90.04,90.2233,1027784.0
2022-11-07 11:20:00,89.64,90.16,89.635,90.0791,910390.0
2022-11-07 11:15:00,89.91,89.93,89.605,89.63,704265.0
2022-11-07 11:10:00,90.09,90.1386,89.74,89.915,902486.0
2022-11-07 11:05:00,90.04,90.16,89.89,90.09,955833.0
2022-11-07 11:00:00,89.87,90.05,89.755,90.04,733489.0
2022-11-07 10:55:00,89.37,89.98,89.295,89.87,1094912.0
2022-11-07 10:50:00,89.415,89.6,89.2,89.3884,1183249.0
2022-11-07 10:45:00,89.23,89.61,89.2173,89.4187,1349603.0
2022-11-07 10:40:00,89.41,89.75,89.15,89.23,1665471.0
2022-11-07 10:35:00,89.71,89.74,89.21,89.41,1322040.0
2022-11-07 10:30:00,89.7499,89.82,89.54,89.71,1093964.0
2022-11-07 10:25:00,90.13,90.1362,89.615,89.7497,1546534.0
2022-11-07 10:20:00,90.4599,90.77,90.06,90.13,1373545.0
2022-11-07 10:15:00,90.36,90.58,90.1,90.45,1096611.0
2022-11-07 10:10:00,90.71,90.8,90.1401,90.36,1077858.0
2022-11-07 10:05:00,90.36,91.05,90.2687,90.7129,1371777.0
2022-11-07 10:00:00,90.43,90.65,90.01,90.35,1352807.0
2022-11-07 09:55:00,90.31,90.61,90.2,90.43,1116669.0
2022-11-07 09:50:00,90.54,90.66,90.2,90.31,1434056.0
2022-11-07 09:45:00,90.87,91.15,90.45,90.5399,1784247.0
2022-11-07 09:40:00,91.42,91.52,90.7602,90.87,1622314.0
2022-11-07 09:35:00,91.95,92.1,91.06,91.42,3204879.0
2022-11-07 09:30:00,92.22,92.22,91.91,91.97,48780.0
2022-11-07 09:25:00,92.2,92.23,92.12,92.22,23856.0
2022-11-07 09:20:00,92.2,92.3,92.14,92.23,62261.0
2022-11-07 09:15:00,92.07,92.22,92.07,92.19,43610.0
2022-11-07 09:10:00,92.02,92.07,91.92,92.05,37551.0
2022-11-07 09:05:00,91.86,92.09,91.83,92.02,56819.0
2022-11-07 09:00:00,91.83,91.95,91.82,91.89,32482.0
2022-11-07 08:55:00,91.8401,91.95,91.83,91.8301,32023.0
2022-11-07 08:50:00,91.81,91.98,91.66,91.95,47248.0
2022-11-07 08:45:00,91.79,91.82,91.72,91.8,31637.0
2022-11-07 08:40:00,91.73,91.8,91.65,91.75,15815.0
2022-11-07 08:35:00,91.65,91.7499,91.63,91.7,27360.0
2022-11-07 08:30:00,91.6,91.73,91.56,91.68,21961.0
2022-11-07 08:25:00,91.86,91.9344,91.6,91.65,28851.0
2022-11-07 08:20:00,91.9,92.0,91.85,91.95,34627.0
2022-11-07 08:15:00,91.76,91.98,91.7,91.9,23286.0
2022-11-07 08:10:00,91.89,91.98,91.75,91.79,37277.0
2022-11-07 08:05:00,91.79,92.25,90.66,91.88,250225.0
2022-11-07 08:00:00,91.74,91.85,91.72,91.8,9600.0
2022-11-07 07:55:00,91.86,91.9,91.8,91.8,11206.0
2022-11-07 07:50:00,91.73,91.83,91.72,91.83,10233.0
2022-11-07 07:45:00,91.87,91.87,91.73,91.73,16734.0
2022-11-07 07:40:00,91.7,91.9,91.7,91.89,17874.0
2022-11-07 07:35:00,91.86,91.94,91.75,91.75,10260.0
2022-11-07 07:30:00,91.89,92.0,91.89,91.9,11561.0
2022-11-07 07:25:00,92.06,92.06,91.89,91.9,13886.0
2022-11-07 07:20:00,92.2,92.2,92.05,92.06,11700.0
2022-11-07 07:15:00,92.05,92.28,92.05,92.2,27693.0
2022-11-07 07:10:00,91.94,92.06,91.88,92.05,18739.0
2022-11-07 07:05:00,92.08,92.08,91.6,91.84,46032.0
2022-11-07 07:00:00,92.1,92.1,92.05,92.05,1964.0
2022-11-07 06:55:00,92.2,92.24,92.2,92.2,1230.0
2022-11-07 06:50:00,92.26,92.26,92.19,92.21,2451.0
2022-11-07 06:45:00,92.14,92.2,92.1,92.16,3613.0
2022-11-07 06:40:00,92.15,92.25,92.15,92.18,1826.0
2022-11-07 06:35:00,92.1,92.12,92.01,92.03,3183.0
2022-11-07 06:30:00,92.04,92.15,92.04,92.12,4907.0
2022-11-07 06:25:00,92.09,92.09,92.0,92.04,1240.0
2022-11-07 06:15:00,92.12,92.12,92.05,92.05,1573.0
2022-11-07 06:10:00,92.12,92.3,92.12,92.3,5362.0
2022-11-07 06:05:00,91.91,92.19,91.91,92.12,8317.0
2022-11-07 06:00:00,91.91,92.0,91.85,91.99,11133.0
2022-11-07 05:55:00,92.06,92.08,91.99,91.99,2999.0
2022-11-07 05:50:00,91.9,92.11,91.9,92.11,3660.0
2022-11-07 05:45:00,91.82,91.94,91.8,91.9,3473.0
2022-11-07 05:40:00,91.95,91.95,91.82,91.82,4106.0
2022-11-07 05:35:00,91.88,91.93,91.81,91.9,2786.0
2022-11-07 05:30:00,91.94,91.95,91.81,91.89,918.0
2022-11-07 05:25:00,91.82,91.95,91.8,91.95,5955.0
2022-11-07 05:20:00,91.73,91.79,91.73,91.78,1540.0
2022-11-07 05:15:00,91.6,91.78,91.45,91.77,6492.0
2022-11-07 05:10:00,91.63,91.63,91.6,91.6,1981.0
2022-11-07 05:05:00,91.59,91.61,91.59,91.61,1636.0
2022-11-07 05:00:00,91.51,91.51,91.45,91.45,1823.0
2022-11-07 04:55:00,91.57,91.57,91.55,91.55,1577.0
2022-11-07 04:50:00,91.66,91.7,91.52,91.54,8198.0
2022-11-07 04:45:00,91.65,91.65,91.45,91.6,3886.0
2022-11-07 04:40:00,91.51,91.63,91.45,91.51,14580.0
2022-11-07 04:35:00,91.5,91.69,91.5,91.64,13239.0
2022-11-07 04:30:00,91.48,91.5,91.48,91.5,2092.0
2022-11-07 04:25:00,91.52,91.59,91.51,91.59,2115.0
2022-11-07 04:20:00,91.44,91.64,91.44,91.63,1393.0
2022-11-07 04:15:00,91.58,91.7,91.3,91.5,6177.0
2022-11-07 04:10:00,91.63,91.63,91.48,91.59,4669.0
2022-11-07 04:05:00,91.9,91.9,90.8,91.63,17554.0
2022-11-04 20:00:00,91.19,91.2,91.1,91.16,9245.0
2022-11-04 19:55:00,91.0001,91.19,91.0001,91.17,9543.0
2022-11-04 19:50:00,91.09,91.1,91.0,91.04,4039.0
2022-11-04 19:45:00,91.07,91.07,91.05,91.05,1768.0
2022-11-04 19:40:00,91.03,91.0999,91.0299,91.07,3046.0
2022-11-04 19:35:00,91.05,91.1,91.02,91.02,6281.0
2022-11-04 19:30:00,91.03,91.04,91.03,91.04,1668.0
2022-11-04 19:25:00,91.0,91.01,90.9901,90.9901,1691.0
2022-11-04 19:20:00,91.0,91.05,91.0,91.05,4380.0
2022-11-04 19:15:00,91.04,91.04,91.0,91.04,8367.0
2022-11-04 19:10:00,91.05,91.05,91.03,91.04,6660.0
2022-11-04 19:05:00,91.02,91.05,91.0,91.0399,7237.0
2022-11-04 19:00:00,90.99,91.0,90.98,91.0,4431.0
2022-11-04 18:55:00,90.99,91.0,90.98,90.98,1653.0
2022-11-04 18:50:00,90.96,91.0,90.96,90.97,3026.0
2022-11-04 18:45:00,90.96,90.96,90.96,90.96,4066.0
2022-11-04 18:40:00,90.96,90.96,90.95,90.95,2001.0
2022-11-04 18:35:00,90.98,91.0,90.95,90.97,3810.0
2022-11-04 18:30:00,90.98,91.0,90.98,90.98,4886.0
2022-11-04 18:25:00,90.98,91.0,90.98,91.0,4137.0
2022-11-04 18:20:00,90.99,91.0,90.98,90.98,3637.0
2022-11-04 18:15:00,90.98,91.0,90.9701,90.98,2840.0
2022-11-04 18:10:00,90.97,90.99,90.96,90.98,2853.0
2022-11-04 18:05:00,90.9601,91.05,90.9601,91.0,8767.0
2022-11-04 18:00:00,90.92,91.0,90.92,90.9606,3411.0
2022-11-04 17:55:00,90.96,91.0,90.9174,90.9981,5762.0
2022-11-04 17:50:00,90.98,90.99,90.97,90.99,11586.0
2022-11-04 17:45:00,90.98,90.99,90.98,90.98,4404.0
2022-11-04 17:40:00,90.98,90.99,90.98,90.98,6662.0
2022-11-04 17:35:00,91.0,91.0,90.98,90.98,8401.0
2022-11-04 17:30:00,90.99,91.0,90.96,91.0,4999.0
2022-11-04 17:25:00,90.98,91.01,90.9701,90.9701,10941.0
2022-11-04 17:20:00,91.0299,91.0299,90.95,90.95,7510.0
2022-11-04 17:15:00,90.96,91.03,90.93,91.0,24202.0
2022-11-04 17:10:00,90.97,91.0,90.84,90.99,29642.0
2022-11-04 17:05:00,90.86,90.99,90.85,90.99,38700.0
2022-11-04 17:00:00,90.9,90.97,90.81,90.85,22405.0
2022-11-04 16:55:00,90.87,90.95,90.8,90.91,36180.0
2022-11-04 16:50:00,90.97,91.0,90.74,90.89,81981.0
2022-11-04 16:45:00,90.88,90.98,90.88,90.97,300719.0
2022-11-04 16:40:00,90.99,90.99,90.87,90.9,18279.0
2022-11-04 16:35:00,90.98,90.99,90.98,90.98,10029.0
2022-11-04 16:30:00,90.99,91.02,90.98,90.99,21824.0
2022-11-04 16:25:00,90.99,91.02,90.98,90.99,46498.0
2022-11-04 16:20:00,90.93,91.03,90.91,90.98,2322972.0
2022-11-04 16:15:00,90.9,91.0,90.9,90.93,1874671.0
2022-11-04 16:10:00,91.02,91.043,90.89,90.9,121160.0
2022-11-04 16:05:00,90.98,91.15,90.83,91.04,1610057.0
2022-11-04 16:00:00,90.82,91.02,90.72,91.0,3861398.0
2022-11-04 15:55:00,90.82,90.91,90.57,90.815,1935724.0
2022-11-04 15:50:00,90.86,91.07,90.77,90.815,1690287.0
2022-11-04 15:45:00,90.57,90.8825,90.44,90.87,1459363.0
2022-11-04 15:40:00,90.44,90.57,90.295,90.5629,1364833.0
2022-11-04 15:35:00,90.15,90.46,90.02,90.44,1279721.0
2022-11-04 15:30:00,89.895,90.2983,89.88,90.1452,1029738.0
2022-11-04 15:25:00,90.0967,90.0967,89.81,89.89,1041107.0
2022-11-04 15:20:00,90.12,90.24,90.0,90.0835,947034.0
2022-11-04 15:15:00,90.04,90.31,90.01,90.12,1188000.0
2022-11-04 15:10:00,89.64,90.11,89.63,90.03,1015924.0
2022-11-04 15:05:00,89.74,89.77,89.47,89.6401,1209464.0
2022-11-04 15:00:00,89.575,89.86,89.57,89.75,1164140.0
2022-11-04 14:55:00,89.31,89.6,89.28,89.575,692708.0
2022-11-04 14:50:00,89.7377,89.7413,89.2,89.3,1004995.0
2022-11-04 14:45:00,89.38,89.8,89.31,89.73,993636.0
2022-11-04 14:40:00,89.2,89.49,89.08,89.375,716687.0
2022-11-04 14:35:00,89.2163,89.34,89.09,89.21,721415.0
2022-11-04 14:30:00,89.15,89.33,88.9501,89.21,925064.0
2022-11-04 14:25:00,89.01,89.19,88.88,89.15,983758.0
2022-11-04 14:20:00,88.5515,89.05,88.41,89.02,874501.0
2022-11-04 14:15:00,88.2811,88.59,88.28,88.53,565875.0
2022-11-04 14:10:00,88.505,88.55,88.25,88.28,827580.0
2022-11-04 14:05:00,88.55,88.745,88.37,88.5,966189.0
2022-11-04 14:00:00,88.66,88.7014,88.47,88.56,737789.0
2022-11-04 13:55:00,88.64,88.76,88.55,88.66,979909.0
2022-11-04 13:50:00,88.36,88.6587,88.25,88.64,663485.0
2022-11-04 13:45:00,88.389,88.5526,88.195,88.3573,949209.0
2022-11-04 13:40:00,88.13,88.59,88.04,88.3902,1166998.0
2022-11-04 13:35:00,88.2,88.25,88.06,88.12,1409226.0
2022-11-04 13:30:00,88.455,88.5,88.153,88.2,1226294.0
2022-11-04 13:25:00,88.7,88.75,88.39,88.47,1285932.0
2022-11-04 13:20:00,88.89,88.9,88.64,88.6947,803918.0
2022-11-04 13:15:00,88.525,89.15,88.5222,88.89,1039030.0
2022-11-04 13:10:00,89.15,89.3499,88.51,88.5254,1327958.0
2022-11-04 13:05:00,89.225,89.23,88.95,89.15,960918.0
2022-11-04 13:00:00,89.33,89.5,89.22,89.2289,665939.0
2022-11-04 12:55:00,89.14,89.42,89.08,89.33,781270.0
2022-11-04 12:50:00,89.3,89.355,89.13,89.14,617573.0
2022-11-04 12:45:00,89.3399,89.44,89.075,89.295,1077515.0
2022-11-04 12:40:00,90.12,90.13,89.3,89.3301,982450.0
2022-11-04 12:35:00,89.805,90.15,89.75,90.117,930544.0
2022-11-04 12:30:00,89.65,89.935,89.58,89.8103,812020.0
2022-11-04 12:25:00,89.815,89.8497,89.5,89.635,713352.0
2022-11-04 12:20:00,89.48,89.9876,89.43,89.815,1067000.0
2022-11-04 12:15:00,89.52,89.63,89.3,89.48,930368.0
2022-11-04 12:10:00,88.93,89.57,88.81,89.54,1594369.0
2022-11-04 12:05:00,89.03,89.3,88.82,88.93,1135634.0
2022-11-04 12:00:00,89.25,89.41,88.95,89.0347,1296644.0
2022-11-04 11:55:00,89.41,89.49,89.01,89.245,1265156.0
2022-11-04 11:50:00,89.5227,89.54,89.3141,89.411,1012226.0
2022-11-04 11:45:00,89.83,89.855,89.39,89.52,1377799.0
2022-11-04 11:40:00,89.885,90.025,89.55,89.85,1283632.0
2022-11-04 11:35:00,89.9,90.04,89.77,89.885,907634.0
2022-11-04 11:30:00,90.36,90.55,89.82,89.8907,1297963.0
2022-11-04 11:25:00,90.2,90.53,90.13,90.3501,748779.0
2022-11-04 11:20:00,90.24,90.52,90.1133,90.19,1090826.0
2022-11-04 11:15:00,90.245,90.3187,89.94,90.22,1150625.0
2022-11-04 11:10:00,90.6217,90.6693,90.04,90.25,4612001.0
2022-11-04 11:05:00,90.81,90.98,90.47,90.635,1899697.0
2022-11-04 11:00:00,90.86,90.97,90.66,90.81,1143955.0
2022-11-04 10:55:00,91.73,91.85,90.83,90.855,1553040.0
2022-11-04 10:50:00,92.0942,92.1863,91.57,91.7205,1380312.0
2022-11-04 10:45:00,91.9,92.44,91.87,92.09,2738872.0
2022-11-04 10:40:00,91.185,91.95,91.1603,91.88,1986854.0
2022-11-04 10:35:00,91.4,91.54,91.04,91.1862,1322584.0
2022-11-04 10:30:00,91.51,91.59,90.96,91.387,1966248.0
2022-11-04 10:25:00,90.83,91.55,90.82,91.51,2168512.0
2022-11-04 10:20:00,90.48,90.88,90.414,90.8282,1890984.0
2022-11-04 10:15:00,89.612,90.59,89.47,90.445,2129852.0
2022-11-04 10:10:00,89.75,90.09,89.15,89.6,1526313.0
2022-11-04 10:05:00,90.34,90.54,89.65,89.7499,2478929.0
2022-11-04 10:00:00,89.38,90.435,89.3,90.3399,2585255.0
2022-11-04 09:55:00,88.77,91.5,88.6,89.3769,3329650.0
2022-11-04 09:50:00,88.93,89.4044,88.66,88.76,2639240.0
2022-11-04 09:45:00,90.29,90.295,88.79,88.9142,3854076.0
2022-11-04 09:40:00,90.86,91.14,90.01,90.31,2597475.0
2022-11-04 09:35:00,91.49,92.03,90.72,90.859,4479150.0
2022-11-04 09:30:00,91.34,91.7,91.31,91.5,130595.0
2022-11-04 09:25:00,91.31,91.42,91.23,91.39,86479.0
2022-11-04 09:20:00,91.4,91.44,91.2,91.33,82901.0
2022-11-04 09:15:00,91.15,91.5,89.3,91.4,358545.0
2022-11-04 09:10:00,91.32,91.47,91.05,91.15,164446.0
2022-11-04 09:05:00,91.07,91.66,91.0448,91.35,209903.0
2022-11-04 09:00:00,90.8,91.1299,90.6,91.1,125161.0
2022-11-04 08:55:00,90.59,90.9,90.56,90.8371,260370.0
2022-11-04 08:50:00,90.36,90.7,90.2818,90.55,108378.0
2022-11-04 08:45:00,90.6,90.65,90.0202,90.4,104107.0
2022-11-04 08:40:00,89.92,91.09,89.92,90.65,247804.0
2022-11-04 08:35:00,90.3,90.46,89.3101,89.82,244285.0
2022-11-04 08:30:00,90.39,90.39,90.22,90.26,30422.0
2022-11-04 08:25:00,90.15,90.41,90.12,90.41,53300.0
2022-11-04 08:20:00,90.0601,90.18,90.03,90.18,37613.0
2022-11-04 08:15:00,90.26,90.26,90.0,90.06,58105.0
2022-11-04 08:10:00,90.27,90.3,90.15,90.2554,39935.0
2022-11-04 08:05:00,90.585,90.86,89.077,90.27,193779.0
2022-11-04 08:00:00,90.5,90.51,90.4,90.41,13545.0
2022-11-04 07:55:00,90.48,90.52,90.41,90.52,13675.0
2022-11-04 07:50:00,90.5,90.53,90.4,90.46,16664.0
2022-11-04 07:45:00,90.37,90.55,90.33,90.5,18668.0
2022-11-04 07:40:00,90.4,90.48,90.37,90.4,5658.0
2022-11-04 07:35:00,90.35,90.5,90.35,90.4,15837.0
2022-11-04 07:30:00,90.42,90.44,90.32,90.35,11042.0
2022-11-04 07:25:00,90.36,90.44,90.36,90.4,13142.0
2022-11-04 07:20:00,90.44,90.45,90.34,90.34,13060.0
2022-11-04 07:15:00,90.5,90.6,90.31,90.43,24594.0
2022-11-04 07:10:00,90.44,90.6,90.43,90.45,28299.0
2022-11-04 07:05:00,90.67,90.68,90.2,90.4,48755.0
2022-11-04 07:00:00,90.71,90.71,90.61,90.67,6075.0
2022-11-04 06:55:00,90.66,90.7,90.66,90.68,2657.0
2022-11-04 06:50:00,90.58,90.62,90.58,90.62,2896.0
2022-11-04 06:45:00,90.5,90.58,90.5,90.58,2366.0
2022-11-04 06:40:00,90.55,90.56,90.55,90.56,911.0
2022-11-04 06:35:00,90.48,90.48,90.4,90.48,3257.0
2022-11-04 06:30:00,90.45,90.55,90.45,90.46,2721.0
2022-11-04 06:25:00,90.6,90.65,90.6,90.65,1491.0
2022-11-04 06:20:00,90.48,90.48,90.48,90.48,711.0
2022-11-04 06:15:00,90.27,90.4,90.27,90.4,3061.0
2022-11-04 06:10:00,90.49,90.49,90.19,90.25,6208.0
2022-11-04 06:05:00,90.43,90.53,90.3,90.53,2312.0
2022-11-04 06:00:00,90.43,90.43,90.43,90.43,251.0
2022-11-04 05:55:00,90.54,90.54,90.42,90.44,2510.0
2022-11-04 05:50:00,90.68,90.69,90.52,90.52,4281.0
2022-11-04 05:45:00,90.47,90.55,90.47,90.55,5046.0
2022-11-04 05:40:00,90.41,90.47,90.36,90.43,3779.0
2022-11-04 05:35:00,90.49,90.53,90.27,90.28,6155.0
2022-11-04 05:30:00,90.45,90.53,90.45,90.49,1592.0
2022-11-04 05:25:00,90.68,90.68,90.27,90.5,9760.0
2022-11-04 05:20:00,90.35,90.72,90.35,90.68,12780.0
2022-11-04 05:15:00,90.22,90.22,90.21,90.21,1271.0
2022-11-04 05:10:00,90.35,90.36,90.3,90.3,3113.0
2022-11-04 05:05:00,90.28,90.37,90.2,90.37,13222.0
2022-11-04 05:00:00,90.05,90.28,90.05,90.28,4592.0
2022-11-04 04:55:00,90.0,90.01,89.97,90.01,979.0
2022-11-04 04:50:00,90.2,90.21,89.97,90.0,25889.0
2022-11-04 04:45:00,90.0,90.2,90.0,90.19,7073.0
2022-11-04 04:40:00,89.9,90.0,89.9,89.95,4546.0
2022-11-04 04:35:00,90.0,90.0,89.88,89.88,16597.0
2022-11-04 04:30:00,90.08,90.08,90.0,90.0,4654.0
2022-11-04 04:25:00,90.01,90.09,90.0,90.04,6183.0
2022-11-04 04:20:00,90.15,90.17,90.09,90.1,5077.0
2022-11-04 04:15:00,90.05,90.2,90.0,90.12,12576.0
2022-11-04 04:10:00,90.04,90.16,90.0,90.08,14211.0
2022-11-04 04:05:00,91.53,91.53,89.59,90.2,18846.0
2022-11-03 20:00:00,89.28,89.31,89.25,89.31,24113.0
2022-11-03 19:55:00,89.2801,89.2999,89.21,89.26,19459.0
2022-11-03 19:50:00,89.28,89.3,89.27,89.28,9560.0
2022-11-03 19:45:00,89.22,89.29,89.22,89.29,7333.0
2022-11-03 19:40:00,89.25,89.27,89.21,89.25,7050.0
2022-11-03 19:35:00,89.2,89.28,89.2,89.25,6527.0
2022-11-03 19:30:00,89.29,89.31,89.2,89.2,5150.0
2022-11-03 19:25:00,89.3,89.3,89.26,89.28,5064.0
2022-11-03 19:20:00,89.31,89.34,89.22,89.3,11770.0
2022-11-03 19:15:00,89.35,89.35,89.3,89.34,2995.0
2022-11-03 19:10:00,89.21,89.35,89.2,89.35,15435.0
2022-11-03 19:05:00,89.28,89.29,89.22,89.22,6585.0
2022-11-03 19:00:00,89.26,89.3,89.25,89.28,4832.0
2022-11-03 18:55:00,89.3,89.3,89.24,89.3,6302.0
2022-11-03 18:50:00,89.3,89.3,89.22,89.28,10080.0
2022-11-03 18:45:00,89.3,89.39,89.27,89.27,7195.0
2022-11-03 18:40:00,89.15,89.4,89.15,89.32,14237.0
2022-11-03 18:35:00,89.21,89.29,89.09,89.22,25486.0
2022-11-03 18:30:00,89.25,89.33,89.2,89.28,6974.0
2022-11-03 18:25:00,89.22,89.23,89.15,89.22,5927.0
2022-11-03 18:20:00,89.22,89.23,89.15,89.19,7907.0
2022-11-03 18:15:00,89.23,89.25,89.11,89.25,13561.0
2022-11-03 18:10:00,89.2,89.41,89.16,89.25,11454.0
2022-11-03 18:05:00,89.2,89.28,89.1501,89.18,18728.0
2022-11-03 18:00:00,89.24,89.28,89.11,89.13,13280.0
2022-11-03 17:55:00,89.21,89.3,89.15,89.2,12442.0
2022-11-03 17:50:00,89.3,89.35,89.21,89.21,17836.0
2022-11-03 17:45:00,89.35,89.42,89.25,89.25,23126.0
2022-11-03 17:40:00,89.3303,89.5,89.31,89.4,19166.0
2022-11-03 17:35:00,89.45,89.4501,89.35,89.35,11627.0
2022-11-03 17:30:00,89.45,89.5,89.41,89.48,6760.0
2022-11-03 17:25:00,89.5099,89.54,89.45,89.45,13510.0
2022-11-03 17:20:00,89.57,89.57,89.48,89.48,18521.0
2022-11-03 17:15:00,89.55,89.57,89.47,89.57,19089.0
2022-11-03 17:10:00,89.59,89.6298,89.51,89.55,12354.0
2022-11-03 17:05:00,89.53,89.64,89.48,89.5601,27618.0
2022-11-03 17:00:00,89.46,89.59,89.41,89.5775,44036.0
2022-11-03 16:55:00,89.52,89.62,89.12,89.43,70159.0
2022-11-03 16:50:00,89.5,89.6,89.45,89.5,28408.0
2022-11-03 16:45:00,89.48,89.57,89.42,89.5,39709.0
2022-11-03 16:40:00,89.45,89.49,89.3,89.44,236736.0
2022-11-03 16:35:00,89.28,89.5,89.28,89.42,31169.0
2022-11-03 16:30:00,89.51,89.51,89.28,89.31,41522.0
2022-11-03 16:25:00,89.54,89.57,89.44,89.48,63934.0
2022-11-03 16:20:00,89.42,89.6,89.32,89.54,93910.0
2022-11-03 16:15:00,89.36,89.45,89.3,89.44,245056.0
2022-11-03 16:10:00,89.36,89.45,89.27,89.36,284753.0
2022-11-03 16:05:00,89.3,89.5,89.3,89.36,1416901.0
2022-11-03 16:00:00,89.61,89.656,89.25,89.3,5222423.0
2022-11-03 15:55:00,89.791,89.82,89.535,89.605,2618572.0
2022-11-03 15:50:00,89.92,89.97,89.7301,89.795,1734220.0
2022-11-03 15:45:00,90.13,90.23,89.925,89.9305,1506973.0
2022-11-03 15:40:00,90.055,90.22,89.9,90.135,1522128.0
2022-11-03 15:35:00,89.925,90.105,89.85,90.055,1187708.0
2022-11-03 15:30:00,89.725,90.06,89.725,89.93,1345603.0
2022-11-03 15:25:00,89.585,89.795,89.5799,89.725,1169635.0
2022-11-03 15:20:00,89.675,89.73,89.56,89.59,861487.0
2022-11-03 15:15:00,89.72,89.86,89.66,89.67,766537.0
2022-11-03 15:10:00,89.76,89.8,89.5522,89.725,756599.0
2022-11-03 15:05:00,89.85,89.87,89.66,89.75,783403.0
2022-11-03 15:00:00,89.655,89.88,89.56,89.84,1060025.0
2022-11-03 14:55:00,89.533,89.82,89.508,89.65,775705.0
2022-11-03 14:50:00,89.385,89.86,89.38,89.54,820160.0
2022-11-03 14:45:00,89.41,89.68,89.37,89.3824,1031224.0
2022-11-03 14:40:00,89.52,89.69,89.36,89.405,860988.0
2022-11-03 14:35:00,89.71,89.78,89.44,89.5161,1259013.0
2022-11-03 14:30:00,89.85,89.9242,89.66,89.71,1037605.0
2022-11-03 14:25:00,89.615,89.8799,89.6137,89.84,857299.0
2022-11-03 14:20:00,89.6501,89.73,89.52,89.6186,749802.0
2022-11-03 14:15:00,89.7579,89.7799,89.57,89.655,939647.0
2022-11-03 14:10:00,89.7843,89.885,89.71,89.755,1172531.0
2022-11-03 14:05:00,89.87,90.005,89.74,89.79,829494.0
2022-11-03 14:00:00,90.04,90.11,89.85,89.8601,700158.0
2022-11-03 13:55:00,90.11,90.1361,89.87,90.04,666209.0
2022-11-03 13:50:00,89.99,90.1825,89.7601,90.11,1134587.0
2022-11-03 13:45:00,90.295,90.34,89.96,89.9973,801393.0
2022-11-03 13:40:00,90.0801,90.355,90.02,90.2917,607218.0
2022-11-03 13:35:00,90.03,90.21,90.0001,90.0924,709994.0
2022-11-03 13:30:00,90.065,90.18,89.94,90.035,815984.0
2022-11-03 13:25:00,90.2399,90.279,90.03,90.06,816295.0
2022-11-03 13:20:00,90.2993,90.65,90.21,90.24,1082849.0
2022-11-03 13:15:00,90.49,90.5,90.21,90.3,1065145.0
2022-11-03 13:10:00,90.71,90.7689,90.38,90.4902,987892.0
2022-11-03 13:05:00,90.95,91.1,90.62,90.7175,1354320.0
2022-11-03 13:00:00,90.8011,91.05,90.7456,90.9416,1323155.0
2022-11-03 12:55:00,90.5,91.08,90.4836,90.8015,1931434.0
2022-11-03 12:50:00,90.5,90.585,90.37,90.4909,1344607.0
2022-11-03 12:45:00,90.03,90.55,89.963,90.51,1264512.0
2022-11-03 12:40:00,90.1401,90.22,89.95,90.025,1319867.0
2022-11-03 12:35:00,90.13,90.38,89.92,90.1462,1790206.0
2022-11-03 12:30:00,89.665,90.2,89.61,90.14,1498926.0
2022-11-03 12:25:00,89.75,89.8848,89.6,89.67,1122677.0
2022-11-03 12:20:00,89.72,90.0,89.67,89.74,1461032.0
2022-11-03 12:15:00,89.4915,89.77,89.39,89.73,1495803.0
2022-11-03 12:10:00,89.26,89.5564,89.19,89.49,1279122.0
2022-11-03 12:05:00,89.34,89.36,89.02,89.27,1506126.0
2022-11-03 12:00:00,89.34,89.42,89.16,89.335,1354772.0
2022-11-03 11:55:00,89.55,89.56,89.19,89.34,1910080.0
2022-11-03 11:50:00,89.67,90.01,89.52,89.55,1458611.0
2022-11-03 11:45:00,90.04,90.06,89.63,89.68,1392917.0
2022-11-03 11:40:00,89.83,90.0398,89.75,90.035,1483139.0
2022-11-03 11:35:00,90.025,90.07,89.7002,89.835,3492390.0
2022-11-03 11:30:00,90.23,90.27,90.02,90.021,1564665.0
2022-11-03 11:25:00,90.34,90.65,90.2214,90.2214,1116124.0
2022-11-03 11:20:00,90.76,90.89,90.31,90.32,1421667.0
2022-11-03 11:15:00,90.8101,91.015,90.7,90.77,1467234.0
2022-11-03 11:10:00,90.82,91.15,90.67,90.8,1498148.0
2022-11-03 11:05:00,90.8,91.08,90.64,90.83,1805461.0
2022-11-03 11:00:00,90.655,90.985,90.53,90.795,1950323.0
2022-11-03 10:55:00,90.9699,91.0,90.61,90.65,1668638.0
2022-11-03 10:50:00,90.42,91.09,90.415,90.96,2080001.0
2022-11-03 10:45:00,90.23,90.67,90.165,90.419,1811646.0
2022-11-03 10:40:00,90.23,90.42,90.04,90.2399,2514410.0
2022-11-03 10:35:00,91.07,91.09,90.215,90.23,2032673.0
2022-11-03 10:30:00,90.53,91.14,90.44,91.07,2556551.0
2022-11-03 10:25:00,90.385,90.74,90.16,90.525,2403691.0
2022-11-03 10:20:00,90.7501,90.805,90.22,90.364,2620911.0
2022-11-03 10:15:00,90.29,90.79,90.16,90.745,2188663.0
2022-11-03 10:10:00,90.68,90.97,90.18,90.2808,2773785.0
2022-11-03 10:05:00,90.65,91.03,90.4,90.683,3539166.0
2022-11-03 10:00:00,91.02,91.17,90.6,90.63,3064888.0
2022-11-03 09:55:00,92.13,92.29,91.01,91.0217,2385762.0
2022-11-03 09:50:00,93.07,93.07,91.65,92.1282,2933394.0
2022-11-03 09:45:00,93.03,93.5,92.77,93.0445,3069152.0
2022-11-03 09:40:00,91.8832,93.3085,91.8504,93.0225,3105541.0
2022-11-03 09:35:00,92.47,92.55,91.33,91.8897,5257086.0
2022-11-03 09:30:00,92.98,93.21,92.35,92.47,251099.0
2022-11-03 09:25:00,92.8,92.99,92.79,92.96,64861.0
2022-11-03 09:20:00,92.89,92.9,92.75,92.78,43933.0
2022-11-03 09:15:00,92.79,92.9,92.75,92.89,80701.0
2022-11-03 09:10:00,92.58,92.78,92.53,92.78,88216.0
2022-11-03 09:05:00,92.55,92.73,92.5,92.6,70444.0
2022-11-03 09:00:00,92.42,92.56,92.4,92.54,69217.0
2022-11-03 08:55:00,92.29,92.54,92.29,92.44,34587.0
2022-11-03 08:50:00,92.42,92.46,92.15,92.25,73687.0
2022-11-03 08:45:00,92.3801,92.55,92.3801,92.46,44092.0
2022-11-03 08:40:00,92.69,92.75,92.3,92.43,56645.0
2022-11-03 08:35:00,92.6,92.69,92.4505,92.69,34369.0
2022-11-03 08:30:00,92.52,92.6198,92.37,92.6198,32856.0
2022-11-03 08:25:00,92.5,92.59,92.47,92.59,30033.0
2022-11-03 08:20:00,92.55,92.6,92.49,92.55,14033.0
2022-11-03 08:15:00,92.62,92.64,92.39,92.5,29079.0
2022-11-03 08:10:00,92.4,92.75,92.35,92.62,57131.0
2022-11-03 08:05:00,92.7504,93.92,92.16,92.39,218927.0
2022-11-03 08:00:00,92.32,92.35,92.26,92.26,10455.0
2022-11-03 07:55:00,92.29,92.37,92.26,92.37,4034.0
2022-11-03 07:50:00,92.23,92.34,92.22,92.3,17195.0
2022-11-03 07:45:00,92.41,92.41,92.15,92.2,24239.0
2022-11-03 07:40:00,92.42,92.42,92.31,92.4,14779.0
2022-11-03 07:35:00,92.42,92.5,92.33,92.45,10925.0
2022-11-03 07:30:00,92.35,92.37,92.33,92.36,7092.0
2022-11-03 07:25:00,92.46,92.46,92.33,92.34,19896.0
2022-11-03 07:20:00,92.4,92.51,92.36,92.43,7283.0
2022-11-03 07:15:00,92.5,92.58,92.32,92.4,17714.0
2022-11-03 07:10:00,92.55,92.58,92.46,92.53,14234.0
2022-11-03 07:05:00,92.66,92.81,92.54,92.59,38846.0
2022-11-03 07:00:00,92.51,92.53,92.51,92.53,1212.0
2022-11-03 06:50:00,92.32,92.36,92.24,92.36,2185.0
2022-11-03 06:45:00,92.56,92.56,92.3,92.31,2444.0
2022-11-03 06:40:00,92.41,92.61,92.41,92.61,2155.0
2022-11-03 06:35:00,92.42,92.43,92.4,92.43,923.0
2022-11-03 06:30:00,92.7,92.7,92.27,92.27,6117.0
2022-11-03 06:25:00,92.64,92.86,92.61,92.86,2519.0
2022-11-03 06:20:00,92.75,92.75,92.63,92.63,5951.0
2022-11-03 06:10:00,92.87,92.87,92.86,92.86,639.0
2022-11-03 06:00:00,92.8,92.87,92.8,92.8,2692.0
2022-11-03 05:55:00,92.85,92.9,92.8,92.8,8076.0
2022-11-03 05:50:00,93.0,93.0,92.95,92.95,1416.0
2022-11-03 05:45:00,93.1,93.17,93.0,93.0,2911.0
2022-11-03 05:40:00,93.1,93.1,93.1,93.1,437.0
2022-11-03 05:35:00,93.19,93.23,93.15,93.16,3914.0
2022-11-03 05:25:00,93.0,93.0,92.9,93.0,1733.0
2022-11-03 05:20:00,92.9,92.9,92.9,92.9,536.0
2022-11-03 05:15:00,93.2,93.2,93.1,93.1,6236.0
2022-11-03 05:10:00,93.1,93.2,93.1,93.1,4939.0
2022-11-03 05:05:00,92.97,93.19,92.94,93.17,7514.0
2022-11-03 05:00:00,92.89,92.9,92.89,92.9,1635.0
2022-11-03 04:55:00,92.85,92.97,92.75,92.75,3136.0
2022-11-03 04:50:00,92.84,92.86,92.8,92.84,3500.0
2022-11-03 04:45:00,92.72,92.88,92.71,92.88,2181.0
2022-11-03 04:40:00,92.81,92.84,92.68,92.72,2019.0
2022-11-03 04:35:00,92.7,92.8,92.7,92.8,964.0
2022-11-03 04:30:00,92.94,92.94,92.76,92.77,3730.0
2022-11-03 04:25:00,93.0,93.01,92.9,92.9,2421.0
2022-11-03 04:20:00,93.34,93.34,93.08,93.12,3421.0
2022-11-03 04:15:00,93.17,93.19,93.12,93.19,5156.0
2022-11-03 04:10:00,92.82,93.14,92.82,93.14,4244.0
2022-11-03 04:05:00,92.94,92.94,92.56,92.71,7542.0
2022-11-02 20:00:00,92.74,92.78,92.71,92.75,21653.0
2022-11-02 19:55:00,92.77,92.8,92.71,92.71,13302.0
2022-11-02 19:50:00,92.7,92.78,92.68,92.78,17705.0
2022-11-02 19:45:00,92.68,92.7,92.65,92.69,12777.0
2022-11-02 19:40:00,92.67,92.68,92.65,92.67,7361.0
2022-11-02 19:35:00,92.65,92.73,92.6,92.68,10563.0
2022-11-02 19:30:00,92.53,92.69,92.53,92.56,12865.0
2022-11-02 19:25:00,92.63,92.7099,92.53,92.63,14944.0
2022-11-02 19:20:00,92.66,92.74,92.63,92.63,22394.0
2022-11-02 19:15:00,92.64,92.7,92.63,92.63,9435.0
2022-11-02 19:10:00,92.52,92.67,92.52,92.64,6916.0
2022-11-02 19:05:00,92.57,92.67,92.45,92.52,17503.0
2022-11-02 19:00:00,92.6,92.64,92.52,92.6,5335.0
2022-11-02 18:55:00,92.59,92.64,92.51,92.52,11951.0
2022-11-02 18:50:00,92.6999,92.6999,92.55,92.55,9478.0
2022-11-02 18:45:00,92.67,92.7,92.6,92.7,5154.0
2022-11-02 18:40:00,92.6,92.66,92.5999,92.6,6323.0
2022-11-02 18:35:00,92.58,92.6,92.57,92.6,10085.0
2022-11-02 18:30:00,92.4801,92.65,92.4801,92.6,5366.0
2022-11-02 18:25:00,92.49,92.52,92.41,92.49,9439.0
2022-11-02 18:20:00,92.49,92.54,92.49,92.49,6417.0
2022-11-02 18:15:00,92.38,92.5,92.36,92.48,14328.0
2022-11-02 18:10:00,92.55,92.55,92.28,92.33,60233.0
2022-11-02 18:05:00,92.7,92.74,92.51,92.51,28238.0
2022-11-02 18:00:00,92.74,92.79,92.68,92.7,10268.0
2022-11-02 17:55:00,92.7898,92.8,92.12,92.75,108666.0
2022-11-02 17:50:00,92.78,92.8,92.75,92.78,27242.0
2022-11-02 17:45:00,92.69,92.8099,92.66,92.77,11744.0
2022-11-02 17:40:00,92.72,92.72,92.65,92.68,6618.0
2022-11-02 17:35:00,92.67,92.72,92.6531,92.72,30586.0
2022-11-02 17:30:00,92.7,92.71,92.65,92.68,36233.0
2022-11-02 17:25:00,92.7,92.77,92.7,92.71,22310.0
2022-11-02 17:20:00,92.65,92.72,92.65,92.7,13729.0
2022-11-02 17:15:00,92.67,92.7038,92.65,92.69,15105.0
2022-11-02 17:10:00,92.66,92.69,92.59,92.65,19830.0
2022-11-02 17:05:00,92.64,92.68,92.6,92.68,22336.0
2022-11-02 17:00:00,92.6,92.64,92.52,92.63,28187.0
2022-11-02 16:55:00,92.7,92.7,92.5,92.6,1087423.0
2022-11-02 16:50:00,92.61,92.74,92.12,92.65,135646.0
2022-11-02 16:45:00,92.8,92.84,92.52,92.65,41076.0
2022-11-02 16:40:00,92.75,92.84,92.65,92.83,72470.0
2022-11-02 16:35:00,92.54,92.79,92.12,92.76,111064.0
2022-11-02 16:30:00,92.41,92.55,92.3,92.54,64212.0
2022-11-02 16:25:00,92.17,92.43,92.12,92.42,584756.0
2022-11-02 16:20:00,92.13,92.22,92.06,92.19,189161.0
2022-11-02 16:15:00,92.15,92.23,92.12,92.14,323005.0
2022-11-02 16:10:00,92.02,92.1846,91.87,92.12,583406.0
2022-11-02 16:05:00,92.08,92.29,92.01,92.03,1216882.0
2022-11-02 16:00:00,92.29,92.37,92.01,92.08,4085277.0
2022-11-02 15:55:00,92.47,92.51,92.07,92.29,2731628.0
2022-11-02 15:50:00,92.9655,92.9655,92.375,92.4663,2413433.0
2022-11-02 15:45:00,92.95,93.07,92.75,92.97,1583190.0
2022-11-02 15:40:00,92.8235,93.09,92.6893,92.9576,1714470.0
2022-11-02 15:35:00,92.85,92.95,92.54,92.835,1895177.0
2022-11-02 15:30:00,93.01,93.17,92.51,92.845,2388334.0
2022-11-02 15:25:00,93.71,93.72,92.96,93.0001,2659479.0
2022-11-02 15:20:00,94.31,94.32,93.71,93.71,1774724.0
2022-11-02 15:15:00,94.95,94.95,94.25,94.3199,1223507.0
2022-11-02 15:10:00,94.29,95.11,94.17,94.9531,1588233.0
2022-11-02 15:05:00,93.99,94.52,93.8,94.2988,1546636.0
2022-11-02 15:00:00,94.18,94.4134,93.76,94.0,2203524.0
2022-11-02 14:55:00,95.12,95.28,93.74,94.18,3416525.0
2022-11-02 14:50:00,95.5523,95.95,94.96,95.125,1666298.0
2022-11-02 14:45:00,95.27,96.351,94.925,95.56,2660146.0
2022-11-02 14:40:00,96.3292,97.01,94.73,95.24,3789177.0
2022-11-02 14:35:00,97.0,97.21,95.845,96.32,3804994.0
2022-11-02 14:30:00,96.59,97.07,96.44,96.985,2051326.0
2022-11-02 14:25:00,96.21,96.74,96.17,96.5801,1809406.0
2022-11-02 14:20:00,95.9625,96.36,95.56,96.216,1781067.0
2022-11-02 14:15:00,96.2,96.37,95.58,96.04,2240110.0
2022-11-02 14:10:00,96.6634,96.89,96.14,96.2004,2728317.0
2022-11-02 14:05:00,94.6301,96.75,94.02,96.6538,4745667.0
2022-11-02 14:00:00,94.6605,94.7,94.515,94.62,784987.0
2022-11-02 13:55:00,94.6199,94.88,94.615,94.665,969953.0
2022-11-02 13:50:00,94.53,94.66,94.51,94.62,1075996.0
2022-11-02 13:45:00,94.535,94.84,94.53,94.54,1142340.0
2022-11-02 13:40:00,94.26,94.55,94.2501,94.5384,969007.0
2022-11-02 13:35:00,94.415,94.44,94.19,94.26,830055.0
2022-11-02 13:30:00,94.3042,94.435,94.2,94.41,651299.0
2022-11-02 13:25:00,94.175,94.39,94.17,94.3,855254.0
2022-11-02 13:20:00,94.025,94.22,94.02,94.175,891490.0
2022-11-02 13:15:00,94.079,94.19,94.01,94.0201,791220.0
2022-11-02 13:10:00,94.245,94.3,94.07,94.0783,657748.0
2022-11-02 13:05:00,94.38,94.38,94.2,94.245,681848.0
2022-11-02 13:00:00,94.31,94.57,94.29,94.379,1028248.0
2022-11-02 12:55:00,94.26,94.3588,94.24,94.305,804801.0
2022-11-02 12:50:00,94.2531,94.34,94.17,94.25,759811.0
2022-11-02 12:45:00,94.32,94.35,94.17,94.25,883983.0
2022-11-02 12:40:00,94.33,94.398,94.18,94.33,876811.0
2022-11-02 12:35:00,94.085,94.4,94.0801,94.325,1079408.0
2022-11-02 12:30:00,94.33,94.41,94.0779,94.085,1047328.0
2022-11-02 12:25:00,94.31,94.38,94.2311,94.339,966507.0
2022-11-02 12:20:00,94.37,94.4277,94.13,94.3001,1182001.0
2022-11-02 12:15:00,94.535,94.6299,94.35,94.36,784229.0
2022-11-02 12:10:00,94.535,94.67,94.33,94.535,1276332.0
2022-11-02 12:05:00,94.68,94.75,94.51,94.53,1274508.0
2022-11-02 12:00:00,95.01,95.05,94.64,94.67,1614146.0
2022-11-02 11:55:00,95.11,95.14,94.92,95.01,983629.0
2022-11-02 11:50:00,94.995,95.2,94.987,95.1087,1144630.0
2022-11-02 11:45:00,94.93,95.0,94.84,94.9905,1192289.0
2022-11-02 11:40:00,94.75,95.0,94.6,94.94,1683778.0
2022-11-02 11:35:00,94.87,94.9,94.54,94.755,1613372.0
2022-11-02 11:30:00,94.97,95.0,94.74,94.86,1093235.0
2022-11-02 11:25:00,95.04,95.07,94.8,94.965,1339008.0
2022-11-02 11:20:00,95.05,95.09,94.94,95.03,2513725.0
2022-11-02 11:15:00,95.33,95.33,95.04,95.04,1808970.0
2022-11-02 11:10:00,95.57,95.669,95.25,95.33,1198424.0
2022-11-02 11:05:00,95.8,95.88,95.5,95.5703,1537043.0
2022-11-02 11:00:00,95.8966,95.92,95.75,95.79,787857.0
2022-11-02 10:55:00,95.865,95.965,95.72,95.895,1090323.0
2022-11-02 10:50:00,96.01,96.05,95.765,95.86,1315707.0
2022-11-02 10:45:00,96.155,96.19,95.95,96.015,1057396.0
2022-11-02 10:40:00,96.14,96.23,96.09,96.15,838602.0
2022-11-02 10:35:00,96.1,96.21,95.99,96.1355,1044202.0
2022-11-02 10:30:00,96.16,96.26,95.94,96.1,1656982.0
2022-11-02 10:25:00,96.4,96.42,96.13,96.15,988219.0
2022-11-02 10:20:00,96.17,96.46,96.11,96.395,1054640.0
2022-11-02 10:15:00,96.395,96.49,96.14,96.17,1407780.0
2022-11-02 10:10:00,96.925,97.03,96.32,96.39,1356249.0
2022-11-02 10:05:00,96.46,97.01,96.34,96.9,1242055.0
2022-11-02 10:00:00,96.9979,97.12,96.44,96.458,1555617.0
2022-11-02 09:55:00,96.89,97.31,96.86,96.995,1336642.0
2022-11-02 09:50:00,97.345,97.57,96.86,96.9,1406173.0
2022-11-02 09:45:00,97.07,97.65,97.05,97.35,1884249.0
2022-11-02 09:40:00,96.84,97.46,96.795,97.07,1568603.0
2022-11-02 09:35:00,97.315,97.74,96.65,96.845,2960173.0
2022-11-02 09:30:00,97.05,97.42,96.97,97.36,116135.0
2022-11-02 09:25:00,96.9301,97.0,96.9,96.95,34298.0
2022-11-02 09:20:00,97.0,97.04,96.9,96.94,30563.0
2022-11-02 09:15:00,97.15,97.15,96.9509,96.97,41844.0
2022-11-02 09:10:00,97.1099,97.15,97.02,97.13,34072.0
2022-11-02 09:05:00,97.07,97.11,96.9,97.1,36626.0
2022-11-02 09:00:00,96.93,97.15,96.91,97.1,30202.0
2022-11-02 08:55:00,96.92,97.0,96.88,96.91,22160.0
2022-11-02 08:50:00,96.8,97.0,96.78,96.92,36655.0
2022-11-02 08:45:00,97.0,97.03,96.75,96.8,44171.0
2022-11-02 08:40:00,96.99,97.17,96.95,97.05,47484.0
2022-11-02 08:35:00,97.0,97.02,96.8,96.9601,28060.0
2022-11-02 08:30:00,96.949,97.04,96.91,97.0,19749.0
2022-11-02 08:25:00,96.7885,97.0,96.75,96.95,33159.0
2022-11-02 08:20:00,96.9,96.93,96.5,96.8,77049.0
2022-11-02 08:15:00,96.9071,97.04,96.9,96.9,21102.0
2022-11-02 08:10:00,97.07,97.1,96.96,96.96,34720.0
2022-11-02 08:05:00,97.2,97.5,97.0208,97.08,1568111.0
2022-11-02 08:00:00,97.08,97.1,97.06,97.06,2644.0
2022-11-02 07:55:00,97.15,97.17,97.09,97.09,7226.0
2022-11-02 07:50:00,97.17,97.17,97.1,97.15,6267.0
2022-11-02 07:45:00,97.25,97.25,97.11,97.13,14760.0
2022-11-02 07:40:00,97.29,97.29,97.19,97.24,4559.0
2022-11-02 07:35:00,97.22,97.29,97.22,97.29,9106.0
2022-11-02 07:30:00,97.18,97.19,97.15,97.19,7525.0
2022-11-02 07:25:00,97.2,97.23,97.19,97.21,3553.0
2022-11-02 07:20:00,97.2,97.24,97.19,97.2,8481.0
2022-11-02 07:15:00,97.13,97.2,97.1,97.2,11885.0
2022-11-02 07:10:00,97.1,97.1,97.02,97.1,11652.0
2022-11-02 07:05:00,97.25,97.25,97.09,97.09,24412.0
2022-11-02 07:00:00,97.09,97.09,97.09,97.09,1046.0
2022-11-02 06:55:00,97.15,97.15,97.15,97.15,1046.0
2022-11-02 06:50:00,97.04,97.13,97.04,97.13,466.0
2022-11-02 06:45:00,97.08,97.08,97.02,97.02,3580.0
2022-11-02 06:40:00,97.2,97.21,97.06,97.06,4097.0
2022-11-02 06:35:00,97.29,97.29,97.15,97.15,1135.0
2022-11-02 06:30:00,97.3,97.3,97.23,97.3,4652.0
2022-11-02 06:25:00,97.25,97.25,97.25,97.25,1555.0
2022-11-02 06:15:00,97.21,97.32,97.21,97.3,3020.0
2022-11-02 06:10:00,97.24,97.24,97.2,97.2,1230.0
2022-11-02 06:05:00,97.12,97.12,97.12,97.12,400.0
2022-11-02 06:00:00,97.15,97.24,97.09,97.2,3831.0
2022-11-02 05:55:00,97.07,97.2,97.06,97.2,5790.0
2022-11-02 05:50:00,97.12,97.24,97.06,97.06,2430.0
2022-11-02 05:45:00,97.1,97.15,97.1,97.15,1018.0
2022-11-02 05:40:00,97.1,97.1,97.05,97.1,2877.0
2022-11-02 05:35:00,96.9,96.9,96.86,96.9,2210.0
2022-11-02 05:30:00,97.01,97.02,96.88,96.88,4321.0
2022-11-02 05:25:00,97.3,97.3,96.97,96.99,11102.0
2022-11-02 05:20:00,97.29,97.32,97.23,97.3,2025.0
2022-11-02 05:15:00,97.3,97.3,97.23,97.29,3682.0
2022-11-02 05:10:00,97.39,97.49,97.3,97.35,6572.0
2022-11-02 05:05:00,97.41,97.41,97.38,97.38,3743.0
2022-11-02 05:00:00,97.49,97.49,97.4,97.41,2071.0
2022-11-02 04:55:00,97.42,97.5,97.42,97.5,1605.0
2022-11-02 04:50:00,97.51,97.51,97.41,97.41,5089.0
2022-11-02 04:45:00,97.56,97.61,97.56,97.6,2515.0
2022-11-02 04:40:00,97.58,97.58,97.58,97.58,356.0
2022-11-02 04:35:00,97.52,97.58,97.46,97.46,3660.0
2022-11-02 04:30:00,97.48,97.68,97.47,97.62,4718.0
2022-11-02 04:25:00,97.44,97.5,97.44,97.45,2125.0
2022-11-02 04:20:00,97.3,97.38,97.3,97.38,767.0
2022-11-02 04:15:00,97.42,97.5,97.2,97.2,6668.0
2022-11-02 04:10:00,97.49,97.57,97.43,97.43,13261.0
2022-11-02 04:05:00,97.67,97.67,97.1,97.49,13080.0
2022-11-01 20:00:00,96.81,96.83,96.6,96.81,38257.0
2022-11-01 19:55:00,96.71,96.81,96.71,96.81,16109.0
2022-11-01 19:50:00,96.83,96.84,96.69,96.8,21471.0
2022-11-01 19:45:00,96.89,96.9,96.8,96.84,11584.0
2022-11-01 19:40:00,96.88,96.9,96.86,96.9,6509.0
2022-11-01 19:35:00,96.9399,96.9399,96.86,96.86,6436.0
2022-11-01 19:30:00,96.91,96.95,96.8999,96.91,9562.0
2022-11-01 19:25:00,96.96,96.96,96.77,96.8,9148.0
2022-11-01 19:20:00,97.01,97.01,96.79,96.96,34200.0
2022-11-01 19:15:00,97.0,97.01,96.96,96.99,7358.0
2022-11-01 19:10:00,96.99,97.13,96.95,97.0,17199.0
2022-11-01 19:05:00,96.88,96.96,96.87,96.96,10863.0
2022-11-01 19:00:00,96.8,96.88,96.79,96.86,10989.0
2022-11-01 18:55:00,96.78,96.8,96.77,96.79,4190.0
2022-11-01 18:50:00,96.7601,96.78,96.73,96.78,4564.0
2022-11-01 18:45:00,96.75,96.79,96.75,96.77,8137.0
2022-11-01 18:40:00,96.74,96.75,96.68,96.75,4972.0
2022-11-01 18:35:00,96.7,96.73,96.68,96.73,5803.0
2022-11-01 18:30:00,96.7,96.72,96.67,96.72,5734.0
2022-11-01 18:25:00,96.7,96.75,96.65,96.67,9205.0
2022-11-01 18:20:00,96.73,96.76,96.7099,96.7099,14767.0
2022-11-01 18:15:00,96.74,96.79,96.7,96.7299,146081.0
2022-11-01 18:10:00,96.68,96.75,96.65,96.75,16274.0
2022-11-01 18:05:00,96.7,96.75,96.68,96.7,20136.0
2022-11-01 18:00:00,96.69,96.7,96.65,96.7,5251.0
2022-11-01 17:55:00,96.68,96.7,96.66,96.69,13546.0
2022-11-01 17:50:00,96.7,96.7,96.67,96.68,6398.0
2022-11-01 17:45:00,96.68,96.72,96.6733,96.72,6338.0
2022-11-01 17:40:00,96.67,96.75,96.62,96.7,22768.0
2022-11-01 17:35:00,96.78,96.78,96.66,96.69,15640.0
2022-11-01 17:30:00,96.7,96.79,96.67,96.7,23928.0
2022-11-01 17:25:00,96.7,96.76,96.66,96.7,14631.0
2022-11-01 17:20:00,96.7,96.76,96.69,96.74,15493.0
2022-11-01 17:15:00,96.68,96.71,96.66,96.71,10991.0
2022-11-01 17:10:00,96.7,96.7,96.66,96.68,8320.0
2022-11-01 17:05:00,96.68,96.74,96.68,96.68,20553.0
2022-11-01 17:00:00,96.67,96.7,96.61,96.67,14137.0
2022-11-01 16:55:00,96.61,96.7,96.5303,96.692,557243.0
2022-11-01 16:50:00,96.75,96.75,96.5099,96.66,60100.0
2022-11-01 16:45:00,96.73,96.75,96.6,96.75,35272.0
2022-11-01 16:40:00,96.83,96.87,96.71,96.74,37065.0
2022-11-01 16:35:00,96.73,96.8,96.7,96.7758,34515.0
2022-11-01 16:30:00,96.61,96.75,96.5,96.73,52620.0
2022-11-01 16:25:00,96.6,96.79,96.53,96.62,72153.0
2022-11-01 16:20:00,96.6,96.79,96.27,96.6,392305.0
2022-11-01 16:15:00,96.67,96.79,96.6,96.61,82260.0
2022-11-01 16:10:00,96.7,96.79,96.55,96.67,1632417.0
2022-11-01 16:05:00,96.79,96.93,96.65,96.73,2803665.0
2022-11-01 16:00:00,97.03,97.17,96.7,96.77,4801101.0
2022-11-01 15:55:00,96.77,97.075,96.66,97.035,3261843.0
2022-11-01 15:50:00,96.64,96.77,96.47,96.7499,2358982.0
2022-11-01 15:45:00,96.265,96.66,96.21,96.6303,2238954.0
2022-11-01 15:40:00,96.295,96.45,96.13,96.2665,2009227.0
2022-11-01 15:35:00,96.1,97.375,96.1,96.2982,1868061.0
2022-11-01 15:30:00,96.4,96.46,96.06,96.095,1719952.0
2022-11-01 15:25:00,96.25,96.44,96.14,96.3982,1715702.0
2022-11-01 15:20:00,96.26,96.3,96.08,96.2499,1561530.0
2022-11-01 15:15:00,96.5507,96.56,96.25,96.2501,1592788.0
2022-11-01 15:10:00,96.5072,96.63,96.4,96.5517,1445083.0
2022-11-01 15:05:00,96.73,96.76,96.43,96.505,1446521.0
2022-11-01 15:00:00,96.2801,96.78,96.2147,96.735,1949953.0
2022-11-01 14:55:00,96.2799,96.34,96.07,96.2879,1712920.0
2022-11-01 14:50:00,96.51,96.52,96.19,96.275,2659708.0
2022-11-01 14:45:00,96.5587,96.62,96.5,96.515,1440197.0
2022-11-01 14:40:00,96.78,97.72,96.55,96.56,1226074.0
2022-11-01 14:35:00,97.15,97.17,96.73,96.78,1731143.0
2022-11-01 14:30:00,97.17,97.22,97.01,97.15,899600.0
2022-11-01 14:25:00,97.0401,97.235,97.01,97.165,871014.0
2022-11-01 14:20:00,97.2336,97.34,97.03,97.0421,1000232.0
2022-11-01 14:15:00,97.4,97.49,97.21,97.24,947573.0
2022-11-01 14:10:00,97.361,97.43,97.23,97.3999,891984.0
2022-11-01 14:05:00,97.31,97.45,97.28,97.36,1023531.0
2022-11-01 14:00:00,97.2999,97.4,97.08,97.31,1297789.0
2022-11-01 13:55:00,97.535,97.6899,97.23,97.29,838353.0
2022-11-01 13:50:00,97.505,97.71,97.43,97.535,1167601.0
2022-11-01 13:45:00,97.07,97.63,97.065,97.505,1316912.0
2022-11-01 13:40:00,97.25,97.2799,97.01,97.0736,930875.0
2022-11-01 13:35:00,97.3894,97.39,97.23,97.25,892308.0
2022-11-01 13:30:00,97.58,97.59,97.32,97.38,1104293.0
2022-11-01 13:25:00,97.66,97.82,97.57,97.585,1074218.0
2022-11-01 13:20:00,97.74,97.85,97.62,97.66,1343231.0
2022-11-01 13:15:00,97.48,97.9,97.4601,97.7425,2311035.0
2022-11-01 13:10:00,97.4088,97.49,97.2,97.4726,1263091.0
2022-11-01 13:05:00,97.43,97.46,97.09,97.42,1542441.0
2022-11-01 13:00:00,97.245,97.43,97.07,97.4296,1364740.0
2022-11-01 12:55:00,97.01,97.28,96.843,97.245,1945744.0
2022-11-01 12:50:00,96.995,97.05,96.84,97.015,1171139.0
2022-11-01 12:45:00,96.73,97.02,96.59,96.995,1565528.0
2022-11-01 12:40:00,96.9,96.99,96.51,96.74,2097797.0
2022-11-01 12:35:00,96.85,96.99,96.77,96.9094,1683688.0
2022-11-01 12:30:00,97.21,97.25,96.8,96.8403,3800141.0
2022-11-01 12:25:00,97.12,97.25,97.02,97.2154,1723279.0
2022-11-01 12:20:00,97.345,97.38,97.02,97.11,1951175.0
2022-11-01 12:15:00,97.5218,97.86,97.16,97.35,2359069.0
2022-11-01 12:10:00,97.57,97.98,97.52,97.525,2337616.0
2022-11-01 12:05:00,97.55,97.75,97.5,97.5573,2067617.0
2022-11-01 12:00:00,97.655,97.82,97.5,97.55,1705062.0
2022-11-01 11:55:00,97.76,97.7962,97.56,97.65,1663106.0
2022-11-01 11:50:00,97.715,97.84,97.4619,97.7527,2719251.0
2022-11-01 11:45:00,98.035,98.12,97.68,97.71,2369424.0
2022-11-01 11:40:00,98.37,98.45,97.94,98.0499,2688187.0
2022-11-01 11:35:00,98.635,98.77,98.33,98.3677,1577293.0
2022-11-01 11:30:00,98.54,98.75,98.435,98.635,1692735.0
2022-11-01 11:25:00,98.5299,98.78,98.51,98.535,1472525.0
2022-11-01 11:20:00,99.01,99.0462,98.51,98.525,2008036.0
2022-11-01 11:15:00,98.99,99.17,98.85,99.015,1741090.0
2022-11-01 11:10:00,99.24,99.3151,98.9,99.01,1797490.0
2022-11-01 11:05:00,99.075,99.3834,98.95,99.239,1574679.0
2022-11-01 11:00:00,99.25,99.33,98.85,99.07,2034551.0
2022-11-01 10:55:00,99.345,99.35,98.91,99.26,2245634.0
2022-11-01 10:50:00,99.505,99.83,99.2112,99.345,1773472.0
2022-11-01 10:45:00,99.7902,99.82,99.44,99.505,1796350.0
2022-11-01 10:40:00,100.1,100.22,99.76,99.78,1726221.0
2022-11-01 10:35:00,100.305,100.32,99.81,100.1,3094754.0
2022-11-01 10:30:00,100.63,100.83,100.12,100.29,1938514.0
2022-11-01 10:25:00,100.4754,104.0,100.22,100.62,2125508.0
2022-11-01 10:20:00,100.53,101.0534,100.4301,100.4999,1733355.0
2022-11-01 10:15:00,100.83,100.94,100.39,100.55,2062829.0
2022-11-01 10:10:00,101.21,101.53,100.84,100.84,1810775.0
2022-11-01 10:05:00,102.18,102.31,101.17,101.2,2242537.0
2022-11-01 10:00:00,101.95,102.6,101.9,102.1701,1577706.0
2022-11-01 09:55:00,102.155,102.49,101.87,101.93,1736059.0
2022-11-01 09:50:00,103.06,103.08,102.04,102.155,1751808.0
2022-11-01 09:45:00,103.14,103.32,102.46,103.06,1591462.0
2022-11-01 09:40:00,103.63,103.82,102.51,103.135,2067380.0
2022-11-01 09:35:00,103.99,104.58,103.13,103.644,3314458.0
2022-11-01 09:30:00,104.2,104.23,103.66,103.98,112916.0
2022-11-01 09:25:00,104.14,104.25,104.14,104.2,24693.0
2022-11-01 09:20:00,104.1501,104.26,104.12,104.14,32970.0
2022-11-01 09:15:00,104.22,104.3,104.18,104.18,37088.0
2022-11-01 09:10:00,104.12,104.21,104.1,104.21,48120.0
2022-11-01 09:05:00,104.15,104.19,104.1,104.12,27313.0
2022-11-01 09:00:00,104.2103,104.23,104.1,104.13,31062.0
2022-11-01 08:55:00,104.23,104.3,104.1914,104.23,33958.0
2022-11-01 08:50:00,104.24,104.27,104.15,104.2,41669.0
2022-11-01 08:45:00,104.2199,104.28,104.11,104.2206,25145.0
2022-11-01 08:40:00,104.1,104.38,104.1,104.22,44661.0
2022-11-01 08:35:00,104.19,104.19,104.1,104.1,43130.0
2022-11-01 08:30:00,104.02,104.22,104.0,104.16,94208.0
2022-11-01 08:25:00,103.99,104.05,103.95,104.03,84204.0
2022-11-01 08:20:00,103.85,104.0,103.85,103.98,42146.0
2022-11-01 08:15:00,103.74,103.88,103.72,103.84,33293.0
2022-11-01 08:10:00,103.7,103.74,103.65,103.74,16034.0
2022-11-01 08:05:00,103.8,103.88,103.1785,103.7,210192.0
2022-11-01 08:00:00,103.69,103.8,103.67,103.76,13007.0
2022-11-01 07:55:00,103.62,103.63,103.62,103.62,3062.0
2022-11-01 07:50:00,103.62,103.69,103.56,103.63,21413.0
2022-11-01 07:45:00,103.59,103.65,103.57,103.65,7317.0
2022-11-01 07:40:00,103.56,103.65,103.48,103.6,12174.0
2022-11-01 07:35:00,103.65,103.74,103.6,103.65,23595.0
2022-11-01 07:30:00,103.6,103.7,103.6,103.6,19279.0
2022-11-01 07:25:00,103.61,103.63,103.54,103.63,14009.0
2022-11-01 07:20:00,103.72,103.72,103.63,103.63,14136.0
2022-11-01 07:15:00,103.74,103.76,103.65,103.7,21097.0
2022-11-01 07:10:00,103.75,103.86,103.71,103.74,25874.0
2022-11-01 07:05:00,103.76,103.8,103.42,103.8,78754.0
2022-11-01 07:00:00,103.68,103.72,103.68,103.72,11539.0
2022-11-01 06:55:00,103.71,103.75,103.71,103.74,1298.0
2022-11-01 06:50:00,103.66,103.72,103.61,103.71,2262.0
2022-11-01 06:45:00,103.63,103.66,103.63,103.66,421.0
2022-11-01 06:40:00,103.66,103.72,103.66,103.67,1724.0
2022-11-01 06:35:00,103.67,103.67,103.66,103.66,651.0
2022-11-01 06:30:00,103.73,103.74,103.73,103.74,721.0
2022-11-01 06:25:00,103.59,103.75,103.59,103.74,4635.0
2022-11-01 06:20:00,103.51,103.51,103.51,103.51,1094.0
2022-11-01 06:15:00,103.5,103.56,103.5,103.5,7843.0
2022-11-01 06:10:00,103.46,103.49,103.46,103.49,2214.0
2022-11-01 06:05:00,103.5,103.5,103.47,103.47,1925.0
2022-11-01 05:55:00,103.53,103.54,103.53,103.54,602.0
2022-11-01 05:50:00,103.49,103.55,103.49,103.55,1663.0
2022-11-01 05:45:00,103.5,103.5,103.42,103.42,4122.0
2022-11-01 05:35:00,103.5,103.5,103.48,103.48,1170.0
2022-11-01 05:25:00,103.28,103.4,103.28,103.4,808.0
2022-11-01 05:20:00,103.28,103.28,103.21,103.21,1607.0
2022-11-01 05:15:00,103.27,103.27,103.27,103.27,543.0
2022-11-01 05:10:00,103.24,103.33,103.19,103.3,4264.0
2022-11-01 05:05:00,103.4,103.4,103.22,103.22,2291.0
2022-11-01 04:55:00,103.5,103.5,103.5,103.5,502.0
2022-11-01 04:50:00,103.56,103.57,103.47,103.47,1303.0
2022-11-01 04:40:00,103.5,103.5,103.48,103.5,2052.0
2022-11-01 04:35:00,103.53,103.53,103.49,103.5,2918.0
2022-11-01 04:30:00,103.5,103.5,103.5,103.5,220.0
2022-11-01 04:25:00,103.54,103.6,103.44,103.44,4422.0
2022-11-01 04:20:00,103.58,103.63,103.54,103.55,11401.0
2022-11-01 04:15:00,103.5,103.6,103.5,103.6,3750.0
2022-11-01 04:10:00,103.4,103.6,103.4,103.55,5843.0
2022-11-01 04:05:00,103.01,103.4,102.75,103.39,10515.0
2022-10-31 20:00:00,102.37,102.42,102.36,102.38,11399.0
2022-10-31 19:55:00,102.28,102.38,102.26,102.38,6672.0
2022-10-31 19:50:00,102.38,102.38,102.28,102.28,6986.0
2022-10-31 19:45:00,102.32,102.32,102.3,102.3,1413.0
2022-10-31 19:40:00,102.42,102.5,102.32,102.32,4309.0
2022-10-31 19:35:00,102.49,102.49,102.42,102.42,3083.0
2022-10-31 19:30:00,102.43,102.46,102.43,102.46,4254.0
2022-10-31 19:25:00,102.43,102.43,102.42,102.42,834.0
2022-10-31 19:20:00,102.45,102.5,102.4,102.4,2574.0
2022-10-31 19:15:00,102.49,102.5,102.45,102.45,1991.0
2022-10-31 19:10:00,102.51,102.55,102.48,102.55,7025.0
2022-10-31 19:05:00,102.27,102.44,102.25,102.44,5402.0
2022-10-31 19:00:00,102.35,102.35,102.26,102.26,2156.0
2022-10-31 18:55:00,102.36,102.36,102.31,102.31,1567.0
2022-10-31 18:50:00,102.28,102.35,102.28,102.33,2827.0
2022-10-31 18:45:00,102.3,102.33,102.3,102.3,5392.0
2022-10-31 18:40:00,102.33,102.36,102.32,102.36,2658.0
2022-10-31 18:35:00,102.35,102.37,102.3,102.32,6875.0
2022-10-31 18:30:00,102.33,102.35,102.23,102.35,6248.0
2022-10-31 18:25:00,102.33,102.36,102.29,102.33,13322.0
2022-10-31 18:20:00,102.3,102.35,102.27,102.3301,10149.0
2022-10-31 18:15:00,102.26,102.41,102.25,102.3,14159.0
2022-10-31 18:10:00,102.34,102.34,102.25,102.25,10425.0
2022-10-31 18:05:00,102.31,102.37,102.31,102.36,5683.0
2022-10-31 18:00:00,102.34,102.36,102.31,102.35,3147.0
2022-10-31 17:55:00,102.35,102.44,102.31,102.31,68431.0
2022-10-31 17:50:00,102.4,102.4,102.36,102.37,2751.0
2022-10-31 17:45:00,102.44,102.44,102.39,102.39,39870.0
2022-10-31 17:40:00,102.36,102.36,102.36,102.36,346.0
2022-10-31 17:35:00,102.41,102.41,102.35,102.38,7022.0
2022-10-31 17:30:00,102.42,102.42,102.35,102.35,2723.0
2022-10-31 17:25:00,102.42,102.43,102.41,102.43,2414.0
2022-10-31 17:20:00,102.44,102.44,102.42,102.42,4688.0
2022-10-31 17:15:00,102.43,102.44,102.42,102.44,2665.0
2022-10-31 17:10:00,102.45,102.45,102.42,102.43,3019.0
2022-10-31 17:05:00,102.45,102.49,102.41,102.49,5039.0
2022-10-31 17:00:00,102.45,102.5,102.37,102.45,17271.0
2022-10-31 16:55:00,102.5486,102.5486,102.44,102.5,43935.0
2022-10-31 16:50:00,102.51,102.59,102.41,102.55,36058.0
2022-10-31 16:45:00,102.5493,102.55,102.46,102.47,8925.0
2022-10-31 16:40:00,102.48,102.53,102.47,102.51,12369.0
2022-10-31 16:35:00,102.38,102.53,102.36,102.48,10159.0
2022-10-31 16:30:00,102.48,102.49,102.35,102.3984,141106.0
2022-10-31 16:25:00,102.46,102.48,102.42,102.45,349537.0
2022-10-31 16:20:00,102.48,102.51,102.4,102.41,267426.0
2022-10-31 16:15:00,102.45,102.52,102.27,102.5,74545.0
2022-10-31 16:10:00,102.5067,102.64,102.44,102.45,89158.0
2022-10-31 16:05:00,102.44,102.58,102.27,102.49,175004.0
2022-10-31 16:00:00,102.42,102.59,102.2,102.43,3281343.0
2022-10-31 15:55:00,102.31,102.5,102.1,102.41,1582187.0
2022-10-31 15:50:00,102.385,102.4412,102.255,102.31,1121199.0
2022-10-31 15:45:00,102.375,102.48,102.325,102.38,1027202.0
2022-10-31 15:40:00,102.185,102.42,102.08,102.365,1105414.0
2022-10-31 15:35:00,102.145,102.24,102.05,102.1875,783689.0
2022-10-31 15:30:00,102.02,102.2,102.01,102.13,686997.0
2022-10-31 15:25:00,101.905,102.17,101.822,102.025,806813.0
2022-10-31 15:20:00,101.825,101.9499,101.73,101.9,781770.0
2022-10-31 15:15:00,101.835,101.96,101.7657,101.825,798202.0
2022-10-31 15:10:00,102.025,102.12,101.8202,101.8378,899032.0
2022-10-31 15:05:00,102.43,102.46,101.96,102.025,839702.0
2022-10-31 15:00:00,102.59,102.66,102.2301,102.42,643169.0
2022-10-31 14:55:00,102.45,102.64,102.41,102.59,690857.0
2022-10-31 14:50:00,102.78,103.04,102.4301,102.45,996710.0
2022-10-31 14:45:00,102.88,102.969,102.69,102.7896,627553.0
2022-10-31 14:40:00,102.695,103.0,102.51,102.89,919774.0
2022-10-31 14:35:00,102.415,102.71,102.36,102.6982,593082.0
2022-10-31 14:30:00,102.415,102.55,102.37,102.41,578147.0
2022-10-31 14:25:00,102.53,102.57,102.31,102.4116,466126.0
2022-10-31 14:20:00,102.505,102.59,102.36,102.54,536026.0
2022-10-31 14:15:00,102.355,102.6,102.2401,102.515,842365.0
2022-10-31 14:10:00,102.36,102.47,102.19,102.35,548505.0
2022-10-31 14:05:00,102.1701,102.44,102.12,102.3669,751132.0
2022-10-31 14:00:00,101.925,102.18,101.92,102.1691,469837.0
2022-10-31 13:55:00,102.07,102.13,101.76,101.9212,440014.0
2022-10-31 13:50:00,102.135,102.145,101.8515,102.06,506175.0
2022-10-31 13:45:00,102.15,102.24,102.0,102.1491,590888.0
2022-10-31 13:40:00,102.2783,102.28,102.03,102.1487,553559.0
2022-10-31 13:35:00,101.9683,102.3,101.8,102.27,664281.0
2022-10-31 13:30:00,101.97,102.07,101.71,101.96,648593.0
2022-10-31 13:25:00,102.13,102.18,101.93,101.96,636196.0
2022-10-31 13:20:00,101.645,102.15,101.57,102.1201,1810837.0
2022-10-31 13:15:00,101.615,101.73,101.48,101.64,575287.0
2022-10-31 13:10:00,101.2699,101.6846,101.21,101.6182,615330.0
2022-10-31 13:05:00,101.3025,101.55,101.16,101.26,1183655.0
2022-10-31 13:00:00,101.3091,101.47,101.26,101.305,594558.0
2022-10-31 12:55:00,101.615,101.7301,101.25,101.305,738140.0
2022-10-31 12:50:00,101.705,101.71,101.47,101.6179,526550.0
2022-10-31 12:45:00,101.8,101.95,101.52,101.7,726685.0
2022-10-31 12:40:00,101.715,101.9045,101.69,101.7997,540053.0
2022-10-31 12:35:00,102.065,102.07,101.7,101.7294,1151182.0
2022-10-31 12:30:00,102.295,102.32,102.01,102.07,703669.0
2022-10-31 12:25:00,102.525,102.53,102.16,102.2979,780719.0
2022-10-31 12:20:00,102.325,102.8,102.286,102.5206,1150411.0
2022-10-31 12:15:00,101.92,102.42,101.915,102.335,1076903.0
2022-10-31 12:10:00,101.955,102.06,101.8,101.92,653362.0
2022-10-31 12:05:00,101.69,101.97,101.6301,101.96,822063.0
2022-10-31 12:00:00,101.985,102.18,101.3906,101.72,1176450.0
2022-10-31 11:55:00,101.705,102.07,101.67,101.965,1027625.0
2022-10-31 11:50:00,101.655,101.76,101.503,101.705,573869.0
2022-10-31 11:45:00,101.485,101.7731,101.41,101.66,782876.0
2022-10-31 11:40:00,101.655,101.7,101.35,101.485,785670.0
2022-10-31 11:35:00,101.855,101.9,101.51,101.655,1030404.0
2022-10-31 11:30:00,102.135,102.205,101.8,101.855,912915.0
2022-10-31 11:25:00,101.875,102.21,101.84,102.13,957954.0
2022-10-31 11:20:00,102.14,102.1784,101.75,101.875,851687.0
2022-10-31 11:15:00,102.055,102.25,101.91,102.1375,828132.0
2022-10-31 11:10:00,102.025,102.3223,101.69,102.055,2754202.0
2022-10-31 11:05:00,101.82,102.14,101.8,102.0272,977220.0
2022-10-31 11:00:00,101.605,102.09,101.345,101.82,1362841.0
2022-10-31 10:55:00,101.87,101.99,101.465,101.61,1009578.0
2022-10-31 10:50:00,101.5189,101.94,101.4204,101.8779,1303685.0
2022-10-31 10:45:00,100.985,101.56,100.96,101.515,1511776.0
2022-10-31 10:40:00,101.125,101.16,100.74,100.985,1369289.0
2022-10-31 10:35:00,100.965,101.205,100.8,101.1217,1500301.0
2022-10-31 10:30:00,101.09,101.28,100.87,100.9694,1919138.0
2022-10-31 10:25:00,101.825,101.8298,101.05,101.0849,1346012.0
2022-10-31 10:20:00,101.615,101.95,101.4001,101.8282,1309897.0
2022-10-31 10:15:00,101.6048,101.98,101.56,101.61,4467851.0
2022-10-31 10:10:00,102.56,102.56,101.6,101.6124,2042438.0
2022-10-31 10:05:00,102.385,102.79,102.2,102.5603,1627155.0
2022-10-31 10:00:00,102.5,103.66,102.34,102.39,2328810.0
2022-10-31 09:55:00,102.74,102.81,102.41,102.51,1462325.0
2022-10-31 09:50:00,103.36,103.45,102.56,102.745,2291809.0
2022-10-31 09:45:00,103.81,103.82,103.0,103.35,2439808.0
2022-10-31 09:40:00,104.3786,104.87,103.3801,103.8199,3085168.0
2022-10-31 09:35:00,103.56,104.56,103.24,104.3755,4337206.0
2022-10-31 09:30:00,102.95,103.7,102.95,103.7,174230.0
2022-10-31 09:25:00,102.96,103.09,102.88,102.96,61277.0
2022-10-31 09:20:00,103.02,103.15,102.95,102.96,44049.0
2022-10-31 09:15:00,103.22,103.29,102.96,103.01,74689.0
2022-10-31 09:10:00,103.27,103.3,103.1323,103.2,33693.0
2022-10-31 09:05:00,103.26,103.31,103.1275,103.27,68007.0
2022-10-31 09:00:00,103.23,103.25,103.1,103.22,42273.0
2022-10-31 08:55:00,103.2766,103.38,103.0,103.12,47871.0
2022-10-31 08:50:00,103.4,103.4476,103.22,103.23,34346.0
2022-10-31 08:45:00,102.9201,103.43,102.9201,103.4,64564.0
2022-10-31 08:40:00,103.47,103.47,102.8788,102.93,150654.0
2022-10-31 08:35:00,103.66,103.7,103.46,103.48,54446.0
2022-10-31 08:30:00,103.71,103.85,103.61,103.7185,46349.0
2022-10-31 08:25:00,103.5,103.74,103.46,103.7399,43301.0
2022-10-31 08:20:00,103.44,103.52,103.44,103.5,23297.0
2022-10-31 08:15:00,103.45,103.5,103.38,103.5,27274.0
2022-10-31 08:10:00,103.45,103.49,103.4,103.43,37471.0
2022-10-31 08:05:00,103.2215,103.69,102.3115,103.4501,236832.0
2022-10-31 08:00:00,103.44,103.59,103.42,103.58,17586.0
2022-10-31 07:55:00,103.57,103.64,103.41,103.45,22410.0
2022-10-31 07:50:00,103.56,103.67,103.5,103.52,19289.0
2022-10-31 07:45:00,103.4,103.52,103.38,103.52,23940.0
2022-10-31 07:40:00,103.4,103.42,103.37,103.38,12029.0
2022-10-31 07:35:00,103.6,103.6,103.35,103.37,25107.0
2022-10-31 07:30:00,103.47,103.69,103.43,103.66,15580.0
2022-10-31 07:25:00,103.47,103.6,103.42,103.47,18865.0
2022-10-31 07:20:00,103.37,103.47,103.37,103.47,12866.0
2022-10-31 07:15:00,103.3,103.4,103.29,103.38,8485.0
2022-10-31 07:10:00,103.26,103.26,103.06,103.26,10107.0
2022-10-31 07:05:00,103.05,103.45,102.91,103.26,64869.0
2022-10-31 07:00:00,102.81,103.04,102.81,103.04,3521.0
2022-10-31 06:55:00,102.71,102.75,102.69,102.72,8223.0
2022-10-31 06:50:00,102.63,102.68,102.63,102.68,1100.0
2022-10-31 06:45:00,102.66,102.72,102.66,102.67,866.0
2022-10-31 06:40:00,102.63,102.67,102.63,102.66,1089.0
2022-10-31 06:35:00,102.62,102.62,102.62,102.62,310.0
2022-10-31 06:25:00,102.6,102.61,102.6,102.61,5318.0
2022-10-31 06:20:00,102.71,102.71,102.4,102.45,4576.0
2022-10-31 06:10:00,102.69,102.8,102.69,102.8,2432.0
2022-10-31 06:05:00,102.69,102.7,102.69,102.7,1869.0
2022-10-31 06:00:00,102.8,102.83,102.7,102.7,3981.0
2022-10-31 05:55:00,102.83,102.9,102.79,102.79,4265.0
2022-10-31 05:50:00,102.74,102.78,102.74,102.78,1150.0
2022-10-31 05:40:00,102.64,102.8,102.64,102.78,12498.0
2022-10-31 05:35:00,102.48,102.58,102.48,102.58,2881.0
2022-10-31 05:30:00,102.45,102.49,102.37,102.37,5920.0
2022-10-31 05:25:00,102.5,102.51,102.48,102.51,8416.0
2022-10-31 05:20:00,102.4,102.45,102.4,102.4,1735.0
2022-10-31 05:15:00,102.36,102.36,102.33,102.36,2977.0
2022-10-31 05:10:00,102.36,102.41,102.36,102.41,669.0
2022-10-31 05:05:00,102.51,102.51,102.32,102.32,2565.0
2022-10-31 05:00:00,102.32,102.6,102.32,102.54,5445.0
2022-10-31 04:55:00,102.32,102.32,102.32,102.32,215.0
2022-10-31 04:50:00,102.49,102.49,102.31,102.31,6579.0
2022-10-31 04:45:00,102.34,102.51,102.34,102.5,6036.0
2022-10-31 04:40:00,102.31,102.35,102.28,102.34,6896.0
2022-10-31 04:35:00,102.41,102.41,102.3,102.35,5773.0
2022-10-31 04:30:00,102.68,102.68,102.47,102.47,4161.0
2022-10-31 04:25:00,102.55,102.68,102.41,102.68,27603.0
2022-10-31 04:20:00,102.77,102.8,102.45,102.49,16705.0
2022-10-31 04:15:00,102.7,102.88,102.7,102.76,3173.0
2022-10-31 04:10:00,102.75,103.0,102.75,102.81,14279.0
2022-10-31 04:05:00,104.0,104.0,102.71,102.71,17677.0
2022-10-28 20:00:00,103.88,103.89,103.84,103.89,45255.0
2022-10-28 19:55:00,103.87,103.89,103.85,103.85,24042.0
2022-10-28 19:50:00,103.87,103.88,103.85,103.85,12350.0
2022-10-28 19:45:00,103.84,103.88,103.84,103.88,16393.0
2022-10-28 19:40:00,103.83,103.84,103.82,103.83,6785.0
2022-10-28 19:35:00,103.82,103.83,103.82,103.82,6244.0
2022-10-28 19:30:00,103.8,103.84,103.76,103.83,7675.0
2022-10-28 19:25:00,103.79,103.84,103.75,103.7801,10656.0
2022-10-28 19:20:00,103.83,103.84,103.75,103.75,7421.0
2022-10-28 19:15:00,103.84,103.87,103.81,103.85,11412.0
2022-10-28 19:10:00,103.86,103.86,103.8101,103.8401,7237.0
2022-10-28 19:05:00,103.85,103.87,103.8,103.86,15778.0
2022-10-28 19:00:00,103.74,103.87,103.74,103.82,11656.0
2022-10-28 18:55:00,103.7001,103.78,103.7,103.7301,91298.0
2022-10-28 18:50:00,103.67,103.75,103.65,103.75,8637.0
2022-10-28 18:45:00,103.72,103.72,103.65,103.67,10156.0
2022-10-28 18:40:00,103.7,103.7,103.65,103.7,7692.0
2022-10-28 18:35:00,103.71,103.71,103.65,103.65,6748.0
2022-10-28 18:30:00,103.7,103.73,103.69,103.7,11568.0
2022-10-28 18:25:00,103.67,103.6901,103.65,103.69,7550.0
2022-10-28 18:20:00,103.65,103.7,103.6,103.6,17139.0
2022-10-28 18:15:00,103.58,103.64,103.58,103.64,12574.0
2022-10-28 18:10:00,103.6,103.61,103.56,103.59,10885.0
2022-10-28 18:05:00,103.59,103.6,103.56,103.6,15647.0
2022-10-28 18:00:00,103.55,103.596,103.53,103.5899,9550.0
2022-10-28 17:55:00,103.56,103.6,103.52,103.59,13444.0
2022-10-28 17:50:00,103.6,103.6,103.5,103.56,25485.0
2022-10-28 17:45:00,103.61,103.64,103.56,103.56,19329.0
2022-10-28 17:40:00,103.65,103.67,103.6,103.64,10148.0
2022-10-28 17:35:00,103.6,103.7,103.6,103.65,25090.0
2022-10-28 17:30:00,103.63,103.66,103.56,103.61,34397.0
2022-10-28 17:25:00,103.66,103.7,103.63,103.63,14033.0
2022-10-28 17:20:00,103.68,103.73,103.66,103.6601,17799.0
2022-10-28 17:15:00,103.75,103.79,103.67,103.6805,21002.0
2022-10-28 17:10:00,103.77,103.82,103.75,103.75,12201.0
2022-10-28 17:05:00,103.8401,103.8694,103.74,103.777,21557.0
2022-10-28 17:00:00,103.816,103.87,103.8,103.85,28308.0
2022-10-28 16:55:00,103.76,103.85,103.41,103.8,76603.0
2022-10-28 16:50:00,103.8,104.0,103.73,103.78,33581.0
2022-10-28 16:45:00,103.8,103.84,103.75,103.81,45912.0
2022-10-28 16:40:00,103.7,103.85,103.41,103.78,461781.0
2022-10-28 16:35:00,103.56,103.8,103.55,103.6101,92581.0
2022-10-28 16:30:00,103.65,103.7,103.5088,103.55,42448.0
2022-10-28 16:25:00,103.64,103.79,103.41,103.63,316923.0
2022-10-28 16:20:00,103.679,103.8,103.56,103.6,96889.0
2022-10-28 16:15:00,103.42,103.65,103.41,103.65,141573.0
2022-10-28 16:10:00,103.47,103.47,103.31,103.41,328335.0
2022-10-28 16:05:00,103.39,103.48,103.06,103.47,340524.0
2022-10-28 16:00:00,103.6,103.96,103.35,103.4,6676040.0
2022-10-28 15:55:00,102.78,103.7,102.775,103.6075,4765249.0
2022-10-28 15:50:00,102.795,103.1,102.7,102.78,2424097.0
2022-10-28 15:45:00,102.645,102.95,101.875,102.8,1888415.0
2022-10-28 15:40:00,103.0,103.0,102.51,102.6473,2029296.0
2022-10-28 15:35:00,103.22,103.4,102.96,102.9999,2387493.0
2022-10-28 15:30:00,103.185,103.29,103.06,103.22,1618380.0
2022-10-28 15:25:00,102.9199,103.19,102.82,103.181,1500887.0
2022-10-28 15:20:00,102.6299,103.0,102.57,102.9179,1301613.0
2022-10-28 15:15:00,102.61,102.83,102.53,102.625,1282252.0
2022-10-28 15:10:00,102.555,102.65,102.19,102.615,1730197.0
2022-10-28 15:05:00,102.98,102.99,101.955,102.55,1927840.0
2022-10-28 15:00:00,103.0989,103.24,102.94,102.9723,1423299.0
2022-10-28 14:55:00,102.86,103.25,102.8525,103.095,2295413.0
2022-10-28 14:50:00,102.66,102.86,102.5,102.86,1183891.0
2022-10-28 14:45:00,102.5386,102.8,102.43,102.665,1174714.0
2022-10-28 14:40:00,102.72,102.821,102.47,102.5301,1331166.0
2022-10-28 14:35:00,102.3935,102.77,102.33,102.71,1646416.0
2022-10-28 14:30:00,102.6,102.65,102.21,102.39,1484586.0
2022-10-28 14:25:00,102.465,102.7,102.46,102.6098,1613484.0
2022-10-28 14:20:00,101.87,102.62,101.81,102.4612,2006688.0
2022-10-28 14:15:00,101.78,101.95,101.72,101.87,1006103.0
2022-10-28 14:10:00,101.45,101.95,101.4088,101.7772,1223890.0
2022-10-28 14:05:00,101.845,102.12,101.39,101.46,2118441.0
2022-10-28 14:00:00,101.949,102.0,101.76,101.841,1360529.0
2022-10-28 13:55:00,101.6385,101.96,101.55,101.95,1263171.0
2022-10-28 13:50:00,101.54,101.81,101.415,101.64,1320409.0
2022-10-28 13:45:00,101.7681,101.8,101.51,101.5397,984258.0
2022-10-28 13:40:00,101.715,101.91,101.6401,101.7611,998303.0
2022-10-28 13:35:00,101.895,101.95,101.53,101.71,1217998.0
2022-10-28 13:30:00,101.8259,102.0,101.73,101.893,1715537.0
2022-10-28 13:25:00,101.527,102.01,101.51,101.8221,1531619.0
2022-10-28 13:20:00,101.8299,101.88,101.4,101.5201,1690765.0
2022-10-28 13:15:00,101.95,101.97,101.79,101.8284,1321230.0
2022-10-28 13:10:00,101.5,102.0,101.35,101.9455,2264025.0
2022-10-28 13:05:00,101.16,101.65,101.06,101.505,2065865.0
2022-10-28 13:00:00,100.935,101.3,100.71,101.1522,1653023.0
2022-10-28 12:55:00,100.15,101.0,100.1427,100.9301,1620321.0
2022-10-28 12:50:00,100.26,100.26,99.94,100.16,1348631.0
2022-10-28 12:45:00,100.42,100.45,100.12,100.26,1270949.0
2022-10-28 12:40:00,100.1546,100.7,100.14,100.425,1673653.0
2022-10-28 12:35:00,100.22,100.29,100.0513,100.16,1279784.0
2022-10-28 12:30:00,99.9301,100.24,99.8,100.229,1516812.0
2022-10-28 12:25:00,99.63,99.99,99.6,99.935,1405702.0
2022-10-28 12:20:00,99.71,99.89,99.62,99.625,1597015.0
2022-10-28 12:15:00,99.59,99.7159,99.51,99.7159,1441289.0
2022-10-28 12:10:00,99.72,99.92,99.52,99.5996,1899995.0
2022-10-28 12:05:00,100.06,100.15,99.7,99.72,2048255.0
2022-10-28 12:00:00,100.619,100.66,99.95,100.0655,2367539.0
2022-10-28 11:55:00,100.6362,100.6979,100.4211,100.62,1579536.0
2022-10-28 11:50:00,100.62,100.93,100.5504,100.64,1581097.0
2022-10-28 11:45:00,100.54,100.86,100.5,100.615,1998161.0
2022-10-28 11:40:00,100.1,100.6791,99.97,100.55,2194254.0
2022-10-28 11:35:00,100.075,100.26,99.85,100.1027,2023339.0
2022-10-28 11:30:00,100.4241,100.54,99.8,100.08,4457408.0
2022-10-28 11:25:00,100.9395,100.95,100.41,100.43,1890052.0
2022-10-28 11:20:00,101.29,101.36,100.59,100.9383,2427902.0
2022-10-28 11:15:00,100.875,101.55,100.8701,101.29,2637170.0
2022-10-28 11:10:00,101.4,101.41,100.87,100.8741,2536075.0
2022-10-28 11:05:00,101.37,101.75,101.01,101.4,2876168.0
2022-10-28 11:00:00,101.8,102.0,101.2401,101.36,2441889.0
2022-10-28 10:55:00,102.135,102.29,101.3016,101.8001,3516282.0
2022-10-28 10:50:00,101.0013,102.46,100.97,102.135,5457305.0
2022-10-28 10:45:00,100.395,101.11,99.047,101.0001,3719648.0
2022-10-28 10:40:00,99.75,100.45,99.74,100.4,3052595.0
2022-10-28 10:35:00,99.49,100.03,99.49,99.765,3070429.0
2022-10-28 10:30:00,98.87,99.8,98.0,99.5,3324015.0
2022-10-28 10:25:00,98.85,99.14,98.8073,98.8886,2112115.0
2022-10-28 10:20:00,99.14,99.33,98.72,98.8459,2883455.0
2022-10-28 10:15:00,99.2579,99.36,98.53,99.135,4239067.0
2022-10-28 10:10:00,99.4,99.98,99.2,99.25,3321125.0
2022-10-28 10:05:00,99.41,100.19,98.87,99.3914,4950950.0
2022-10-28 10:00:00,99.5001,100.145,99.11,99.395,4242688.0
2022-10-28 09:55:00,99.98,100.19,98.0,99.505,5781703.0
2022-10-28 09:50:00,100.16,100.3,99.26,99.98,5174197.0
2022-10-28 09:45:00,99.2,100.8219,99.15,100.1587,7139743.0
2022-10-28 09:40:00,99.69,99.82,97.85,99.2,8255895.0
2022-10-28 09:35:00,97.905,100.42,97.66,99.6883,16333211.0
2022-10-28 09:30:00,96.8,98.48,96.8,97.91,1495700.0
2022-10-28 09:25:00,96.68,97.39,96.56,96.8,509564.0
2022-10-28 09:20:00,96.6,96.81,96.2,96.7249,306855.0
2022-10-28 09:15:00,96.93,96.98,96.38,96.59,439035.0
2022-10-28 09:10:00,96.45,96.95,96.0,96.93,508638.0
2022-10-28 09:05:00,95.8866,96.61,95.48,96.46,395815.0
2022-10-28 09:00:00,95.85,95.98,95.48,95.89,244043.0
2022-10-28 08:55:00,95.19,96.0,95.14,95.82,245206.0
2022-10-28 08:50:00,95.4505,95.99,95.1,95.16,229242.0
2022-10-28 08:45:00,95.7,95.9,95.45,95.4525,197193.0
2022-10-28 08:40:00,95.78,96.0,95.66,95.7,308860.0
2022-10-28 08:35:00,95.13,96.15,94.85,95.78,540890.0
2022-10-28 08:30:00,95.44,95.5,94.9,95.2,314824.0
2022-10-28 08:25:00,95.75,95.82,95.21,95.44,244475.0
2022-10-28 08:20:00,95.8602,95.89,95.65,95.75,170348.0
2022-10-28 08:15:00,95.675,96.0,95.48,95.88,207060.0
2022-10-28 08:10:00,96.45,96.5,95.65,95.675,372380.0
2022-10-28 08:05:00,96.9876,98.28,95.9985,96.54,700145.0
2022-10-28 08:00:00,97.27,97.33,96.7,96.98,149679.0
2022-10-28 07:55:00,97.89,97.89,97.17,97.27,133989.0
2022-10-28 07:50:00,97.4,98.0,97.31,97.9,164697.0
2022-10-28 07:45:00,97.72,97.73,97.35,97.36,49565.0
2022-10-28 07:40:00,97.76,97.91,97.46,97.75,93924.0
2022-10-28 07:35:00,97.58,98.28,97.58,97.75,135524.0
2022-10-28 07:30:00,97.5,97.77,97.27,97.6,102047.0
2022-10-28 07:25:00,96.87,97.93,96.85,97.5,132871.0
2022-10-28 07:20:00,96.68,96.9,96.6,96.8,46722.0
2022-10-28 07:15:00,96.7,96.79,96.57,96.6,42657.0
2022-10-28 07:10:00,96.6,96.74,96.19,96.74,103161.0
2022-10-28 07:05:00,96.59,97.0,96.53,96.6,144236.0
2022-10-28 07:00:00,96.52,96.64,96.5,96.56,21524.0
2022-10-28 06:55:00,96.79,96.84,96.32,96.52,66282.0
2022-10-28 06:50:00,96.92,97.0,96.71,96.9,42392.0
2022-10-28 06:45:00,97.6,97.6,96.9,96.9,52573.0
2022-10-28 06:40:00,97.3,97.65,97.3,97.58,35472.0
2022-10-28 06:35:00,96.89,97.23,96.83,97.23,30007.0
2022-10-28 06:30:00,96.94,97.0,96.91,97.0,22782.0
2022-10-28 06:25:00,96.63,97.0,96.5,96.97,28752.0
2022-10-28 06:20:00,96.88,97.0,96.66,96.66,20606.0
2022-10-28 06:15:00,96.74,97.0,96.7,96.85,23678.0
2022-10-28 06:10:00,96.88,96.89,96.5,96.82,31882.0
2022-10-28 06:05:00,96.5,97.0,96.45,96.9,55550.0
2022-10-28 06:00:00,96.4,96.5,96.3,96.5,21522.0
2022-10-28 05:55:00,95.98,96.51,95.95,96.3,82291.0
2022-10-28 05:50:00,95.96,96.0,95.85,95.97,48407.0
2022-10-28 05:45:00,95.9,95.97,95.75,95.94,17824.0
2022-10-28 05:40:00,95.88,95.89,95.74,95.89,17510.0
2022-10-28 05:35:00,95.91,95.97,95.88,95.96,7322.0
2022-10-28 05:30:00,95.9,95.99,95.86,95.92,7581.0
2022-10-28 05:25:00,95.99,96.0,95.86,95.9,21848.0
2022-10-28 05:20:00,95.81,96.0,95.7,95.94,80881.0
2022-10-28 05:15:00,95.9,95.99,95.84,95.84,18630.0
2022-10-28 05:10:00,95.77,96.0,95.71,96.0,30455.0
2022-10-28 05:05:00,95.65,95.84,95.65,95.7,15472.0
2022-10-28 05:00:00,95.8,95.81,95.55,95.67,25658.0
2022-10-28 04:55:00,95.75,95.86,95.74,95.8,19600.0
2022-10-28 04:50:00,95.99,96.0,95.8,95.8,49774.0
2022-10-28 04:45:00,95.96,96.0,95.86,96.0,21851.0
2022-10-28 04:40:00,95.8,96.0,95.7,95.9,27256.0
2022-10-28 04:35:00,95.72,95.93,95.72,95.88,22182.0
2022-10-28 04:30:00,96.0,96.0,95.69,95.74,23290.0
2022-10-28 04:25:00,95.65,96.0,95.65,95.95,35684.0
2022-10-28 04:20:00,95.62,95.75,95.52,95.6,22619.0
2022-10-28 04:15:00,95.9,96.0,95.57,95.61,52194.0
2022-10-28 04:10:00,95.5,96.0,95.4,95.9,40780.0
2022-10-28 04:05:00,96.55,98.84,94.81,95.47,103117.0
2022-10-27 20:00:00,96.6,96.85,96.51,96.84,202686.0
2022-10-27 19:55:00,96.54,96.74,96.4,96.63,127822.0
2022-10-27 19:50:00,96.25,96.59,96.1,96.56,190545.0
2022-10-27 19:45:00,96.16,96.28,96.05,96.25,83597.0
2022-10-27 19:40:00,96.24,96.3,95.93,96.15,170961.0
2022-10-27 19:35:00,96.11,96.3,96.02,96.24,105744.0
2022-10-27 19:30:00,96.61,96.61,96.02,96.13,227554.0
2022-10-27 19:25:00,96.63,96.72,96.5,96.65,148409.0
2022-10-27 19:20:00,97.17,97.17,96.52,96.55,136502.0
2022-10-27 19:15:00,96.88,97.5,96.57,97.2,142479.0
2022-10-27 19:10:00,96.68,97.0,96.65,96.85,126213.0
2022-10-27 19:05:00,97.18,97.27,96.65,96.7,255055.0
2022-10-27 19:00:00,97.36,97.6799,97.12,97.18,153152.0
2022-10-27 18:55:00,97.3,97.55,97.2,97.3,196734.0
2022-10-27 18:50:00,98.0,98.15,97.2,97.3,280047.0
2022-10-27 18:45:00,98.02,98.5,98.0,98.0,248785.0
2022-10-27 18:40:00,98.2,99.9,98.0,98.02,465592.0
2022-10-27 18:35:00,97.25,98.22,97.1,98.15,514576.0
2022-10-27 18:30:00,97.1,97.25,96.8,97.2,260897.0
2022-10-27 18:25:00,97.09,97.3,96.55,97.01,239391.0
2022-10-27 18:20:00,97.3,97.77,96.99,97.07,471465.0
2022-10-27 18:15:00,96.43,97.4,96.34,97.27,556089.0
2022-10-27 18:10:00,95.95,96.6,95.76,96.27,415233.0
2022-10-27 18:05:00,95.54,96.01,90.0,95.9,459462.0
2022-10-27 18:00:00,95.51,95.72,94.85,95.54,443607.0
2022-10-27 17:55:00,95.24,95.9,94.8,95.45,534836.0
2022-10-27 17:50:00,95.16,96.14,95.1173,95.28,510695.0
2022-10-27 17:45:00,95.3,96.0,95.01,95.19,485696.0
2022-10-27 17:40:00,95.7981,96.5,95.1,95.3,553971.0
2022-10-27 17:35:00,95.12,97.0,93.5,95.74,694877.0
2022-10-27 17:30:00,95.7,110.96,94.68,95.1,1373951.0
2022-10-27 17:25:00,94.65,95.87,90.54,95.75,1031309.0
2022-10-27 17:20:00,93.7,94.85,93.6,94.61,808645.0
2022-10-27 17:15:00,93.06,94.3,93.0,93.7,972153.0
2022-10-27 17:10:00,92.72,93.25,92.25,93.06,703192.0
2022-10-27 17:05:00,92.22,92.87,92.0,92.72,715326.0
2022-10-27 17:00:00,93.94,94.0,92.22,92.26,1564660.0
2022-10-27 16:55:00,91.4,94.42,91.16,93.81,1463962.0
2022-10-27 16:50:00,90.2,91.89,90.2,91.4,2432329.0
2022-10-27 16:45:00,91.0,91.0,90.0,90.23,1329450.0
2022-10-27 16:40:00,89.0,91.4,88.57,91.0,2209823.0
2022-10-27 16:35:00,88.94,89.1,87.8,89.0,2093029.0
2022-10-27 16:30:00,89.3,89.38,88.0,88.99,2174110.0
2022-10-27 16:25:00,89.71,90.4,89.15,89.32,1808714.0
2022-10-27 16:20:00,90.0,110.96,88.87,89.71,2649914.0
2022-10-27 16:15:00,90.5,110.96,89.39,89.97,3217981.0
2022-10-27 16:10:00,91.49,110.96,89.03,90.5,4150225.0
2022-10-27 16:05:00,110.96,111.45,87.59,91.54,4865979.0
2022-10-27 16:00:00,110.97,111.4,110.55,111.4,3669116.0
2022-10-27 15:55:00,111.04,111.2,110.82,110.965,2025723.0
2022-10-27 15:50:00,111.0,111.13,110.94,111.04,1567113.0
2022-10-27 15:45:00,110.815,111.025,110.75,110.995,1178010.0
2022-10-27 15:40:00,111.24,111.245,110.8,110.8102,1124742.0
2022-10-27 15:35:00,111.32,111.44,111.19,111.2401,913811.0
2022-10-27 15:30:00,111.32,111.35,111.13,111.32,1231389.0
2022-10-27 15:25:00,111.387,111.5,111.3,111.31,1101280.0
2022-10-27 15:20:00,111.15,111.4,111.09,111.38,1019503.0
2022-10-27 15:15:00,110.505,111.2801,110.505,111.16,1037998.0
2022-10-27 15:10:00,111.03,111.12,110.5,110.505,786122.0
2022-10-27 15:05:00,110.78,111.12,110.78,111.02,879941.0
2022-10-27 15:00:00,110.92,110.97,110.69,110.815,746247.0
2022-10-27 14:55:00,110.56,111.9,110.42,110.915,814981.0
2022-10-27 14:50:00,110.88,111.03,110.56,110.56,891140.0
2022-10-27 14:45:00,110.6,111.0179,110.6,110.895,864258.0
2022-10-27 14:40:00,110.3323,110.665,110.08,110.6098,1163518.0
2022-10-27 14:35:00,110.0242,110.44,110.0,110.33,932445.0
2022-10-27 14:30:00,110.355,110.39,110.0,110.02,795286.0
2022-10-27 14:25:00,110.01,110.38,109.9637,110.355,799378.0
2022-10-27 14:20:00,109.8,110.0299,109.77,110.0112,930648.0
2022-10-27 14:15:00,110.63,110.63,109.78,109.8,1899957.0
2022-10-27 14:10:00,111.115,111.115,110.62,110.63,567646.0
2022-10-27 14:05:00,111.12,111.26,110.93,111.115,757914.0
2022-10-27 14:00:00,111.195,111.31,111.045,111.12,690752.0
2022-10-27 13:55:00,111.19,111.22,111.09,111.19,412114.0
2022-10-27 13:50:00,111.3,111.41,111.13,111.2,442970.0
2022-10-27 13:45:00,111.27,111.54,111.2688,111.31,419984.0
2022-10-27 13:40:00,111.29,111.452,111.25,111.27,413430.0
2022-10-27 13:35:00,111.5327,111.585,111.275,111.2862,568632.0
2022-10-27 13:30:00,111.86,111.895,111.52,111.5314,589554.0
2022-10-27 13:25:00,111.645,111.99,111.62,111.855,600881.0
2022-10-27 13:20:00,111.64,111.73,111.42,111.645,645132.0
2022-10-27 13:15:00,111.65,111.81,111.53,111.6301,510700.0
2022-10-27 13:10:00,111.14,111.645,111.09,111.645,606207.0
2022-10-27 13:05:00,111.34,111.47,111.0175,111.14,586553.0
2022-10-27 13:00:00,111.12,111.37,111.0,111.335,634656.0
2022-10-27 12:55:00,111.26,111.43,111.05,111.11,675357.0
2022-10-27 12:50:00,110.97,111.46,110.68,111.26,804982.0
2022-10-27 12:45:00,111.18,111.27,110.955,110.97,607287.0
2022-10-27 12:40:00,110.915,111.19,110.88,111.17,740309.0
2022-10-27 12:35:00,110.4901,110.95,110.475,110.91,749222.0
2022-10-27 12:30:00,110.9199,110.98,110.48,110.5,968384.0
2022-10-27 12:25:00,111.34,111.4,110.79,110.9175,1509814.0
2022-10-27 12:20:00,111.655,111.88,111.34,111.34,907790.0
2022-10-27 12:15:00,111.73,111.74,111.53,111.65,740240.0
2022-10-27 12:10:00,112.0,112.17,111.73,111.735,764866.0
2022-10-27 12:05:00,112.265,112.27,111.95,112.0,882909.0
2022-10-27 12:00:00,112.52,112.57,112.23,112.27,1208872.0
2022-10-27 11:55:00,112.56,112.59,112.4499,112.51,819778.0
2022-10-27 11:50:00,112.505,112.65,112.46,112.56,535736.0
2022-10-27 11:45:00,112.62,112.71,112.47,112.5,656767.0
2022-10-27 11:40:00,112.97,113.18,112.55,112.62,614836.0
2022-10-27 11:35:00,112.65,113.02,112.49,112.96,693938.0
2022-10-27 11:30:00,112.74,112.84,112.5,112.67,606125.0
2022-10-27 11:25:00,112.43,112.8,112.36,112.74,654648.0
2022-10-27 11:20:00,112.97,113.02,112.3298,112.435,678410.0
2022-10-27 11:15:00,113.11,113.39,112.9525,112.96,575886.0
2022-10-27 11:10:00,112.65,113.2802,112.6,113.1104,889025.0
2022-10-27 11:05:00,112.54,112.9458,112.38,112.645,631696.0
2022-10-27 11:00:00,113.13,113.255,112.52,112.55,711745.0
2022-10-27 10:55:00,112.75,113.37,112.75,113.13,773863.0
2022-10-27 10:50:00,112.5302,112.9449,112.5,112.7575,757408.0
2022-10-27 10:45:00,112.9099,112.9099,112.31,112.56,818188.0
2022-10-27 10:40:00,113.714,113.72,112.77,112.89,1095651.0
2022-10-27 10:35:00,114.03,114.1,113.7,113.7194,692687.0
2022-10-27 10:30:00,113.77,114.105,113.63,114.02,924984.0
2022-10-27 10:25:00,114.02,114.11,113.68,113.78,879785.0
2022-10-27 10:20:00,113.95,114.12,113.7401,114.02,1377686.0
2022-10-27 10:15:00,113.27,114.03,112.97,113.9499,1653903.0
2022-10-27 10:10:00,111.89,113.28,111.88,113.2601,1492528.0
2022-10-27 10:05:00,111.82,112.25,111.6289,111.89,1334907.0
2022-10-27 10:00:00,111.55,111.84,111.26,111.8245,1241846.0
2022-10-27 09:55:00,112.99,113.05,111.5,111.55,1966167.0
2022-10-27 09:50:00,113.65,113.89,112.82,113.01,1751465.0
2022-10-27 09:45:00,112.775,113.71,112.5,113.6698,1562407.0
2022-10-27 09:40:00,113.325,113.42,112.58,112.78,1957319.0
2022-10-27 09:35:00,113.92,114.12,112.52,113.32,3712863.0
2022-10-27 09:30:00,114.99,115.02,113.8,113.81,215959.0
2022-10-27 09:25:00,114.16,116.01,114.16,114.99,299205.0
2022-10-27 09:20:00,113.9,114.2,113.9,114.18,77758.0
2022-10-27 09:15:00,114.18,114.2,113.9,113.95,62126.0
2022-10-27 09:10:00,113.9,114.06,113.85,114.0265,146119.0
2022-10-27 09:05:00,113.77,113.9,113.6,113.9,76003.0
2022-10-27 09:00:00,113.54,113.84,113.5,113.77,51674.0
2022-10-27 08:55:00,113.66,113.75,113.5,113.5,95267.0
2022-10-27 08:50:00,114.09,114.19,113.14,113.66,140505.0
2022-10-27 08:45:00,113.92,114.11,113.75,114.11,87079.0
2022-10-27 08:40:00,114.32,114.44,113.77,113.8371,82435.0
2022-10-27 08:35:00,114.0,115.01,114.0,114.32,154302.0
2022-10-27 08:30:00,114.09,114.1,113.9,114.0,45635.0
2022-10-27 08:25:00,114.06,114.25,113.8,114.07,56375.0
2022-10-27 08:20:00,113.84,114.24,113.71,114.03,70339.0
2022-10-27 08:15:00,114.1,114.11,113.77,113.84,66540.0
2022-10-27 08:10:00,114.15,114.24,114.02,114.08,35898.0
2022-10-27 08:05:00,114.48,116.0,114.07,114.2667,145096.0
2022-10-27 08:00:00,114.15,114.21,114.08,114.14,17200.0
2022-10-27 07:55:00,114.57,114.61,114.1,114.14,29768.0
2022-10-27 07:50:00,114.76,114.9,114.5,114.51,19749.0
2022-10-27 07:45:00,114.85,114.85,114.73,114.73,4272.0
2022-10-27 07:40:00,114.98,114.98,114.75,114.8,15433.0
2022-10-27 07:35:00,114.9,114.92,114.75,114.8,10643.0
2022-10-27 07:30:00,115.0,115.0,114.88,114.9,10706.0
2022-10-27 07:25:00,115.17,115.17,114.86,115.0,19261.0
2022-10-27 07:20:00,114.83,115.17,114.83,115.17,41723.0
2022-10-27 07:15:00,114.66,114.85,114.6,114.85,8950.0
2022-10-27 07:10:00,114.6,114.74,114.51,114.66,41013.0
2022-10-27 07:05:00,114.31,114.76,114.31,114.6,63957.0
2022-10-27 07:00:00,114.28,114.32,114.2,114.2,4781.0
2022-10-27 06:55:00,114.21,114.33,114.15,114.33,1877.0
2022-10-27 06:50:00,114.15,114.35,114.15,114.35,1900.0
2022-10-27 06:45:00,114.17,114.17,114.05,114.15,6686.0
2022-10-27 06:40:00,114.31,114.31,114.15,114.17,5095.0
2022-10-27 06:35:00,114.3,114.5,114.3,114.5,4446.0
2022-10-27 06:30:00,114.37,114.4,114.3,114.3,5762.0
2022-10-27 06:25:00,114.4,114.45,114.35,114.45,3403.0
2022-10-27 06:20:00,114.51,114.51,114.4,114.5,2313.0
2022-10-27 06:15:00,114.55,114.55,114.55,114.55,147.0
2022-10-27 06:10:00,114.3,114.55,114.28,114.4,2382.0
2022-10-27 06:05:00,114.5,114.79,114.26,114.26,5019.0
2022-10-27 06:00:00,114.53,114.53,114.31,114.31,6277.0
2022-10-27 05:55:00,114.78,114.8,114.53,114.53,6521.0
2022-10-27 05:50:00,114.75,114.79,114.62,114.62,3942.0
2022-10-27 05:45:00,114.68,114.7,114.67,114.7,1020.0
2022-10-27 05:40:00,114.77,114.82,114.6,114.62,4761.0
2022-10-27 05:35:00,114.85,114.85,114.69,114.8,3169.0
2022-10-27 05:30:00,114.95,115.0,114.75,114.75,6418.0
2022-10-27 05:25:00,114.96,115.05,114.9,115.05,3174.0
2022-10-27 05:20:00,114.89,114.97,114.8,114.97,2075.0
2022-10-27 05:15:00,114.9,114.97,114.76,114.76,3557.0
2022-10-27 05:10:00,115.09,115.09,114.8,114.81,8140.0
2022-10-27 05:05:00,115.13,115.13,115.0,115.02,1608.0
2022-10-27 04:55:00,115.24,115.24,115.24,115.24,330.0
2022-10-27 04:45:00,115.29,115.29,115.25,115.25,594.0
2022-10-27 04:40:00,115.33,115.33,115.33,115.33,115.0
2022-10-27 04:35:00,115.34,115.34,115.34,115.34,139.0
2022-10-27 04:30:00,115.29,115.35,115.25,115.35,927.0
2022-10-27 04:25:00,115.51,115.51,115.28,115.28,2077.0
2022-10-27 04:20:00,115.3,115.69,115.3,115.69,3112.0
2022-10-27 04:15:00,115.12,115.12,115.1,115.1,3796.0
2022-10-27 04:10:00,115.14,115.16,115.14,115.16,493.0
2022-10-27 04:05:00,115.62,115.62,115.2,115.3,4335.0
2022-10-26 20:00:00,115.83,115.83,115.5,115.8,20239.0
2022-10-26 19:55:00,115.8,115.85,115.8,115.85,11117.0
2022-10-26 19:50:00,115.89,115.9,115.8,115.8001,5929.0
2022-10-26 19:45:00,115.95,115.95,115.88,115.95,1919.0
2022-10-26 19:40:00,115.9,115.99,115.84,115.87,3718.0
2022-10-26 19:35:00,115.6699,116.0,115.63,115.9499,14137.0
2022-10-26 19:30:00,115.55,115.59,115.5,115.59,3518.0
2022-10-26 19:25:00,115.43,115.5,115.43,115.5,1727.0
2022-10-26 19:20:00,115.69,115.69,115.45,115.45,2222.0
2022-10-26 19:15:00,115.6,115.64,115.46,115.64,5512.0
2022-10-26 19:10:00,115.64,115.78,115.52,115.78,7505.0
2022-10-26 19:05:00,115.6,115.78,115.5,115.64,22041.0
2022-10-26 19:00:00,115.47,115.54,115.3201,115.54,5870.0
2022-10-26 18:55:00,115.4,115.5,115.4,115.47,10852.0
2022-10-26 18:50:00,115.4,115.4,115.31,115.32,6597.0
2022-10-26 18:45:00,115.43,115.43,115.3,115.37,3124.0
2022-10-26 18:40:00,115.28,115.43,115.27,115.43,4960.0
2022-10-26 18:35:00,115.35,115.4,115.26,115.27,9330.0
2022-10-26 18:30:00,115.14,115.35,115.14,115.27,24136.0
2022-10-26 18:25:00,114.9,115.24,114.9,115.2,9405.0
2022-10-26 18:20:00,114.9,114.95,114.85,114.9,18260.0
2022-10-26 18:15:00,114.84,115.1,114.84,114.98,11131.0
2022-10-26 18:10:00,114.87,114.94,114.76,114.77,21814.0
2022-10-26 18:05:00,115.01,115.05,114.8,114.85,19309.0
2022-10-26 18:00:00,115.1,115.15,115.02,115.02,11637.0
2022-10-26 17:55:00,115.1406,115.25,115.1001,115.1001,4194.0
2022-10-26 17:50:00,115.2999,115.3,115.15,115.26,7849.0
2022-10-26 17:45:00,115.182,115.33,115.02,115.1,20009.0
2022-10-26 17:40:00,115.49,115.49,115.01,115.01,20416.0
2022-10-26 17:35:00,115.4,115.5,115.33,115.48,3348.0
2022-10-26 17:30:00,115.37,115.54,115.3,115.35,12304.0
2022-10-26 17:25:00,115.39,115.4,115.2,115.35,18068.0
2022-10-26 17:20:00,115.33,115.48,115.21,115.4,22198.0
2022-10-26 17:15:00,115.6,115.77,115.23,115.42,22123.0
2022-10-26 17:10:00,115.72,115.77,115.52,115.59,33580.0
2022-10-26 17:05:00,115.83,115.9232,115.71,115.71,20743.0
2022-10-26 17:00:00,115.845,116.22,115.71,115.81,22931.0
2022-10-26 16:55:00,116.34,116.44,115.66,115.9,66223.0
2022-10-26 16:50:00,115.61,116.35,115.61,116.35,72858.0
2022-10-26 16:45:00,115.48,115.75,115.48,115.65,35931.0
2022-10-26 16:40:00,115.25,115.62,115.25,115.48,33521.0
2022-10-26 16:35:00,115.25,115.33,115.15,115.33,26683.0
2022-10-26 16:30:00,114.99,115.33,114.96,115.2453,64109.0
2022-10-26 16:25:00,114.985,115.09,114.7,115.01,29490.0
2022-10-26 16:20:00,115.15,115.66,114.85,114.9,98287.0
2022-10-26 16:15:00,114.99,115.4,114.62,115.2,58294.0
2022-10-26 16:10:00,115.51,117.55,114.11,114.71,333869.0
2022-10-26 16:05:00,115.66,115.66,115.4,115.45,1252871.0
2022-10-26 16:00:00,115.725,115.725,115.45,115.7,1989704.0
2022-10-26 15:55:00,115.86,115.86,115.465,115.73,1363340.0
2022-10-26 15:50:00,115.94,116.03,115.74,115.87,779938.0
2022-10-26 15:45:00,115.83,116.0,115.82,115.94,778616.0
2022-10-26 15:40:00,115.7602,115.96,115.695,115.835,543071.0
2022-10-26 15:35:00,115.825,115.9,115.69,115.7625,614150.0
2022-10-26 15:30:00,116.01,116.09,115.78,115.83,573158.0
2022-10-26 15:25:00,116.28,116.34,115.96,116.01,608566.0
2022-10-26 15:20:00,116.0417,116.33,115.9814,116.28,524875.0
2022-10-26 15:15:00,115.91,116.05,115.71,116.05,480408.0
2022-10-26 15:10:00,115.82,115.93,115.55,115.9136,573608.0
2022-10-26 15:05:00,116.1191,116.13,115.75,115.82,377651.0
2022-10-26 15:00:00,115.8701,116.21,115.7248,116.12,464651.0
2022-10-26 14:55:00,115.6899,115.88,115.62,115.8799,306843.0
2022-10-26 14:50:00,115.53,115.77,115.525,115.7,346580.0
2022-10-26 14:45:00,115.94,115.9501,115.5138,115.54,404373.0
2022-10-26 14:40:00,115.795,116.015,115.755,115.9337,454447.0
2022-10-26 14:35:00,115.92,115.95,115.77,115.8,403319.0
2022-10-26 14:30:00,115.89,116.12,115.8801,115.9299,318644.0
2022-10-26 14:25:00,115.9301,115.99,115.77,115.8821,370734.0
2022-10-26 14:20:00,116.19,116.22,115.93,115.95,490822.0
2022-10-26 14:15:00,116.32,116.44,116.18,116.19,398627.0
2022-10-26 14:10:00,116.3899,116.51,116.32,116.33,343448.0
2022-10-26 14:05:00,116.21,116.43,116.18,116.3802,353826.0
2022-10-26 14:00:00,116.1999,116.33,116.03,116.21,327682.0
2022-10-26 13:55:00,115.8499,116.23,115.846,116.1999,372997.0
2022-10-26 13:50:00,115.925,115.99,115.83,115.8477,380929.0
2022-10-26 13:45:00,115.7,115.95,115.68,115.92,451503.0
2022-10-26 13:40:00,115.63,115.82,115.58,115.7,620402.0
2022-10-26 13:35:00,115.61,115.7,115.5,115.625,456439.0
2022-10-26 13:30:00,115.6901,115.81,115.53,115.6076,614309.0
2022-10-26 13:25:00,116.45,116.55,115.695,115.7199,693788.0
2022-10-26 13:20:00,116.35,116.485,116.2,116.45,494401.0
2022-10-26 13:15:00,116.36,116.65,116.28,116.355,581816.0
2022-10-26 13:10:00,116.57,116.625,116.285,116.36,366901.0
2022-10-26 13:05:00,116.5301,116.66,116.25,116.58,729885.0
2022-10-26 13:00:00,116.8099,116.98,116.35,116.54,895926.0
2022-10-26 12:55:00,117.38,117.4,116.79,116.81,855418.0
2022-10-26 12:50:00,117.6092,117.71,117.33,117.385,483681.0
2022-10-26 12:45:00,117.7282,117.7672,117.545,117.6,350036.0
2022-10-26 12:40:00,117.731,117.91,117.64,117.715,300997.0
2022-10-26 12:35:00,117.93,118.0,117.71,117.75,644684.0
2022-10-26 12:30:00,118.47,118.5157,117.93,117.94,559807.0
2022-10-26 12:25:00,118.4199,118.56,118.36,118.47,315133.0
2022-10-26 12:20:00,118.46,118.505,118.19,118.4111,619685.0
2022-10-26 12:15:00,118.4302,118.6299,118.41,118.45,345896.0
2022-10-26 12:10:00,118.5,118.66,118.38,118.4306,574912.0
2022-10-26 12:05:00,118.64,118.8,118.5019,118.515,478262.0
2022-10-26 12:00:00,118.62,118.73,118.5,118.635,553070.0
2022-10-26 11:55:00,118.7,118.83,118.55,118.61,540622.0
2022-10-26 11:50:00,119.06,119.07,118.54,118.705,691972.0
2022-10-26 11:45:00,118.9,119.3457,118.8215,119.0699,719054.0
2022-10-26 11:40:00,119.05,119.0566,118.645,118.91,807612.0
2022-10-26 11:35:00,118.92,119.2455,118.8449,119.0448,984553.0
2022-10-26 11:30:00,118.495,118.99,118.46,118.92,710379.0
2022-10-26 11:25:00,118.2,118.53,118.15,118.5,621066.0
2022-10-26 11:20:00,118.3,118.44,118.18,118.2208,620666.0
2022-10-26 11:15:00,118.09,118.32,117.88,118.3,779179.0
2022-10-26 11:10:00,117.49,118.26,117.37,118.095,1237106.0
2022-10-26 11:05:00,116.72,117.5775,116.71,117.5,775198.0
2022-10-26 11:00:00,116.85,116.955,116.7,116.71,510119.0
2022-10-26 10:55:00,117.2384,117.33,116.82,116.855,867809.0
2022-10-26 10:50:00,117.23,117.58,117.1203,117.23,1262799.0
2022-10-26 10:45:00,116.53,117.26,116.53,117.23,1243457.0
2022-10-26 10:40:00,116.0724,116.59,116.0,116.53,1035438.0
2022-10-26 10:35:00,115.96,116.2,115.72,116.09,887488.0
2022-10-26 10:30:00,114.789,116.0499,114.77,115.97,1116069.0
2022-10-26 10:25:00,115.6299,115.6429,114.76,114.7878,1191624.0
2022-10-26 10:20:00,115.08,115.69,115.0619,115.63,1001485.0
2022-10-26 10:15:00,115.555,115.64,115.03,115.08,1391541.0
2022-10-26 10:10:00,115.47,115.84,115.36,115.55,990792.0
2022-10-26 10:05:00,115.18,116.0,115.16,115.4899,1622480.0
2022-10-26 10:00:00,115.67,115.81,114.96,115.15,1584590.0
2022-10-26 09:55:00,116.05,116.1576,115.63,115.67,1284350.0
2022-10-26 09:50:00,115.325,116.24,115.28,116.05,1486581.0
2022-10-26 09:45:00,115.616,116.07,115.31,115.32,1550548.0
2022-10-26 09:40:00,115.14,115.69,114.92,115.61,2059668.0
2022-10-26 09:35:00,116.0,116.13,114.82,115.1399,3882164.0
2022-10-26 09:30:00,115.9,116.0,115.57,115.76,66144.0
2022-10-26 09:25:00,116.0,116.07,115.88,115.91,43037.0
2022-10-26 09:20:00,116.3,116.3884,115.95,116.05,44598.0
2022-10-26 09:15:00,116.22,116.47,116.19,116.36,33519.0
2022-10-26 09:10:00,116.51,116.55,116.0,116.12,56327.0
2022-10-26 09:05:00,116.6,116.84,116.5,116.57,48694.0
2022-10-26 09:00:00,116.51,116.6561,116.47,116.6,27003.0
2022-10-26 08:55:00,116.5,116.6757,116.47,116.51,56791.0
2022-10-26 08:50:00,116.27,116.54,116.19,116.54,27532.0
2022-10-26 08:45:00,116.18,116.35,116.15,116.28,22587.0
2022-10-26 08:40:00,116.05,116.186,116.0,116.18,28917.0
2022-10-26 08:35:00,116.17,116.3,116.0,116.01,23916.0
2022-10-26 08:30:00,116.4,116.4,116.1503,116.1503,20515.0
2022-10-26 08:25:00,116.41,116.49,116.15,116.35,30358.0
2022-10-26 08:20:00,116.66,117.0,116.5,116.5,58649.0
2022-10-26 08:15:00,116.51,116.66,116.41,116.5601,46209.0
2022-10-26 08:10:00,116.68,116.74,116.38,116.55,37231.0
2022-10-26 08:05:00,116.09,120.299,115.7,116.54,130944.0
2022-10-26 08:00:00,116.32,116.7,116.32,116.44,20992.0
2022-10-26 07:55:00,116.18,116.32,116.15,116.32,18583.0
2022-10-26 07:50:00,116.36,116.45,116.13,116.15,33855.0
2022-10-26 07:45:00,116.5,116.53,116.39,116.39,11585.0
2022-10-26 07:40:00,116.55,116.62,116.45,116.6,34009.0
2022-10-26 07:35:00,116.35,116.8,116.34,116.7,31241.0
2022-10-26 07:30:00,116.16,116.28,116.05,116.2,23468.0
2022-10-26 07:25:00,115.99,116.19,115.9,116.15,7686.0
2022-10-26 07:20:00,115.82,115.99,115.8,115.99,14707.0
2022-10-26 07:15:00,115.95,115.99,115.78,115.8,12105.0
2022-10-26 07:10:00,116.16,116.18,115.91,115.92,20140.0
2022-10-26 07:05:00,116.11,116.2,116.01,116.2,15746.0
2022-10-26 07:00:00,116.2,116.2,116.1,116.15,3014.0
2022-10-26 06:50:00,116.24,116.29,116.24,116.29,2428.0
2022-10-26 06:45:00,116.2,116.25,116.0,116.25,4317.0
2022-10-26 06:35:00,116.15,116.27,116.01,116.27,5253.0
2022-10-26 06:30:00,116.08,116.27,116.08,116.22,5193.0
2022-10-26 06:25:00,116.18,116.22,116.0,116.0,3891.0
2022-10-26 06:20:00,116.11,116.23,116.11,116.23,2004.0
2022-10-26 06:15:00,116.13,116.13,115.86,116.0,2388.0
2022-10-26 06:10:00,116.15,116.15,116.15,116.15,315.0
2022-10-26 06:05:00,116.05,116.05,115.89,115.92,3370.0
2022-10-26 05:55:00,116.27,116.27,116.08,116.1,1540.0
2022-10-26 05:50:00,116.1,116.1,116.1,116.1,771.0
2022-10-26 05:45:00,116.0,116.19,116.0,116.17,2031.0
2022-10-26 05:40:00,115.9,115.9,115.9,115.9,5116.0
2022-10-26 05:35:00,115.85,115.9,115.81,115.9,5167.0
2022-10-26 05:30:00,116.0,116.0,115.81,115.85,3684.0
2022-10-26 05:25:00,116.19,116.19,115.9,115.9,7179.0
2022-10-26 05:20:00,116.09,116.25,116.09,116.25,2188.0
2022-10-26 05:15:00,116.25,116.25,116.05,116.07,4815.0
2022-10-26 05:10:00,116.35,116.39,116.3,116.39,1898.0
2022-10-26 05:05:00,116.52,116.59,116.38,116.4,3817.0
2022-10-26 05:00:00,116.55,116.55,116.52,116.52,564.0
2022-10-26 04:55:00,116.49,116.51,116.42,116.49,5577.0
2022-10-26 04:50:00,116.43,116.43,116.43,116.43,452.0
2022-10-26 04:45:00,116.61,116.61,116.4,116.5,8131.0
2022-10-26 04:40:00,116.43,116.63,116.43,116.6,10290.0
2022-10-26 04:35:00,116.42,116.42,116.3,116.35,9763.0
2022-10-26 04:30:00,116.26,116.48,116.26,116.41,6256.0
2022-10-26 04:25:00,116.26,116.26,116.1,116.2,6450.0
2022-10-26 04:20:00,116.27,116.5,116.15,116.29,12317.0
2022-10-26 04:15:00,116.31,116.34,116.15,116.33,15090.0
2022-10-26 04:10:00,116.63,116.74,116.3,116.39,15234.0
2022-10-26 04:05:00,116.4,116.8,115.0,116.64,39393.0
2022-10-25 20:00:00,115.3,115.39,115.2299,115.35,28814.0
2022-10-25 19:55:00,115.14,115.35,115.1,115.35,38514.0
2022-10-25 19:50:00,115.19,115.24,115.15,115.16,23431.0
2022-10-25 19:45:00,115.26,115.26,115.11,115.15,17809.0
2022-10-25 19:40:00,115.3599,115.4,115.3001,115.32,8282.0
2022-10-25 19:35:00,115.4,115.4,115.26,115.3,13767.0
2022-10-25 19:30:00,115.4,115.45,115.35,115.35,4766.0
2022-10-25 19:25:00,115.32,115.5,115.25,115.4,16183.0
2022-10-25 19:20:00,115.06,115.42,115.06,115.38,10115.0
2022-10-25 19:15:00,115.1,115.26,115.05,115.05,24632.0
2022-10-25 19:10:00,115.5,120.6,115.05,115.2,28315.0
2022-10-25 19:05:00,115.6,115.6,115.5,115.5,12033.0
2022-10-25 19:00:00,115.62,115.64,115.45,115.6,25768.0
2022-10-25 18:55:00,115.6101,115.69,115.5,115.54,21686.0
2022-10-25 18:50:00,115.58,115.77,115.55,115.56,27158.0
2022-10-25 18:45:00,115.4,115.7,115.4,115.54,45165.0
2022-10-25 18:40:00,115.3,115.5,115.25,115.42,43418.0
2022-10-25 18:35:00,115.55,115.7,115.28,115.3,50714.0
2022-10-25 18:30:00,115.7,115.75,115.26,115.6,82052.0
2022-10-25 18:25:00,115.38,115.99,115.33,115.7,64776.0
2022-10-25 18:20:00,114.99,115.55,114.9,115.38,85458.0
2022-10-25 18:15:00,115.3,115.5,115.0,115.03,87979.0
2022-10-25 18:10:00,115.5,115.6,114.75,115.37,249658.0
2022-10-25 18:05:00,117.78,117.8,115.09,115.58,209406.0
2022-10-25 18:00:00,117.72,117.95,117.51,117.55,42735.0
2022-10-25 17:55:00,118.14,118.25,117.61,117.83,50068.0
2022-10-25 17:50:00,118.3,118.3,118.09,118.1933,15170.0
2022-10-25 17:45:00,118.13,118.3,118.0,118.3,35709.0
2022-10-25 17:40:00,118.36,118.53,118.2,118.2,20883.0
2022-10-25 17:35:00,118.51,118.6,118.36,118.41,20087.0
2022-10-25 17:30:00,118.62,118.66,118.5,118.52,13768.0
2022-10-25 17:25:00,118.56,118.65,118.56,118.65,6634.0
2022-10-25 17:20:00,118.55,118.65,118.55,118.56,11629.0
2022-10-25 17:15:00,118.71,118.71,118.51,118.51,42171.0
2022-10-25 17:10:00,118.75,118.88,118.66,118.74,17167.0
2022-10-25 17:05:00,118.83,118.98,118.75,118.75,11597.0
2022-10-25 17:00:00,118.57,118.87,118.57,118.83,22038.0
2022-10-25 16:55:00,118.71,118.78,118.4873,118.57,37819.0
2022-10-25 16:50:00,118.85,119.05,118.78,118.78,18457.0
2022-10-25 16:45:00,118.82,119.17,118.52,118.82,46742.0
2022-10-25 16:40:00,118.76,119.1,118.75,118.92,40095.0
2022-10-25 16:35:00,118.62,118.98,118.52,118.88,35008.0
2022-10-25 16:30:00,118.2,118.8,118.1052,118.7,999958.0
2022-10-25 16:25:00,118.42,118.49,117.81,118.15,182240.0
2022-10-25 16:20:00,118.95,120.6,118.4001,118.42,171236.0
2022-10-25 16:15:00,119.16,120.6,118.95,118.95,234477.0
2022-10-25 16:10:00,118.8,120.6,118.42,119.0,168525.0
2022-10-25 16:05:00,120.6,120.83,118.7,118.94,1045136.0
2022-10-25 16:00:00,120.53,120.68,120.42,120.63,1599840.0
2022-10-25 15:55:00,120.77,120.88,120.54,120.555,1127115.0
2022-10-25 15:50:00,120.84,120.8785,120.7,120.77,604997.0
2022-10-25 15:45:00,120.84,120.89,120.7,120.845,538905.0
2022-10-25 15:40:00,120.87,120.94,120.71,120.85,598604.0
2022-10-25 15:35:00,120.75,120.9859,120.705,120.8648,657467.0
2022-10-25 15:30:00,120.605,120.8,120.6004,120.75,445409.0
2022-10-25 15:25:00,120.5899,120.6302,120.47,120.6,415480.0
2022-10-25 15:20:00,120.6258,120.64,120.4,120.59,429083.0
2022-10-25 15:15:00,120.57,120.65,120.5,120.62,352172.0
2022-10-25 15:10:00,120.51,120.65,120.4748,120.575,454964.0
2022-10-25 15:05:00,120.25,120.525,120.21,120.505,382518.0
2022-10-25 15:00:00,120.435,120.53,120.24,120.2401,322336.0
2022-10-25 14:55:00,120.2403,120.47,120.2403,120.4375,236019.0
2022-10-25 14:50:00,120.29,120.29,120.13,120.245,261472.0
2022-10-25 14:45:00,120.495,120.52,120.22,120.28,336164.0
2022-10-25 14:40:00,120.5648,120.5775,120.4401,120.4901,235920.0
2022-10-25 14:35:00,120.4,120.57,120.28,120.57,298835.0
2022-10-25 14:30:00,120.46,120.5,120.3101,120.395,307300.0
2022-10-25 14:25:00,120.36,120.4562,120.271,120.4562,265416.0
2022-10-25 14:20:00,120.07,120.4,119.9901,120.36,352011.0
2022-10-25 14:15:00,120.19,120.2208,120.06,120.07,219869.0
2022-10-25 14:10:00,120.18,120.3,120.12,120.1884,344673.0
2022-10-25 14:05:00,119.99,120.22,119.95,120.19,374388.0
2022-10-25 14:00:00,119.99,120.07,119.87,119.988,310709.0
2022-10-25 13:55:00,119.8101,120.0,119.75,119.99,254951.0
2022-10-25 13:50:00,119.7,119.84,119.62,119.821,300151.0
2022-10-25 13:45:00,119.62,119.78,119.6,119.7,244875.0
2022-10-25 13:40:00,119.935,119.95,119.59,119.62,429360.0
2022-10-25 13:35:00,119.74,120.04,119.72,119.9552,433166.0
2022-10-25 13:30:00,119.435,119.77,119.42,119.72,387742.0
2022-10-25 13:25:00,119.57,119.61,119.43,119.44,284146.0
2022-10-25 13:20:00,119.47,119.7099,119.38,119.57,356418.0
2022-10-25 13:15:00,119.76,119.845,119.46,119.47,355559.0
2022-10-25 13:10:00,119.56,119.91,119.525,119.76,438920.0
2022-10-25 13:05:00,119.97,120.22,119.42,119.56,705236.0
2022-10-25 13:00:00,120.1109,120.1965,119.86,119.972,327479.0
2022-10-25 12:55:00,120.03,120.24,119.9996,120.12,323268.0
2022-10-25 12:50:00,120.445,120.48,119.985,120.01,445315.0
2022-10-25 12:45:00,120.5,120.51,120.31,120.44,288227.0
2022-10-25 12:40:00,120.4912,120.55,120.41,120.51,280670.0
2022-10-25 12:35:00,120.665,120.7025,120.47,120.5025,294247.0
2022-10-25 12:30:00,120.78,120.78,120.605,120.66,287553.0
2022-10-25 12:25:00,120.92,120.93,120.71,120.79,305114.0
2022-10-25 12:20:00,120.75,120.93,120.7,120.9189,258311.0
2022-10-25 12:15:00,120.62,120.75,120.52,120.74,223650.0
2022-10-25 12:10:00,120.5599,120.69,120.4499,120.63,477198.0
2022-10-25 12:05:00,120.6082,120.73,120.5,120.55,560770.0
2022-10-25 12:00:00,120.795,120.7973,120.515,120.5972,285617.0
2022-10-25 11:55:00,120.7212,120.7999,120.66,120.7983,227597.0
2022-10-25 11:50:00,120.77,120.81,120.6101,120.73,248410.0
2022-10-25 11:45:00,120.86,120.86,120.6362,120.78,337253.0
2022-10-25 11:40:00,120.58,120.88,120.55,120.8601,423074.0
2022-10-25 11:35:00,120.621,120.71,120.3834,120.59,663671.0
2022-10-25 11:30:00,120.7899,120.7899,120.57,120.63,433660.0
2022-10-25 11:25:00,120.66,120.83,120.56,120.785,522822.0
2022-10-25 11:20:00,120.38,120.6863,120.35,120.67,600798.0
2022-10-25 11:15:00,120.47,120.51,120.26,120.3666,493889.0
2022-10-25 11:10:00,120.01,120.49,120.0,120.46,528057.0
2022-10-25 11:05:00,119.85,120.08,119.76,120.0101,472450.0
2022-10-25 11:00:00,119.69,119.97,119.68,119.8501,444936.0
2022-10-25 10:55:00,119.6987,119.83,119.61,119.695,456844.0
2022-10-25 10:50:00,119.51,119.75,119.36,119.68,524784.0
2022-10-25 10:45:00,119.4,119.6599,119.38,119.505,517062.0
2022-10-25 10:40:00,119.83,119.84,119.36,119.38,849124.0
2022-10-25 10:35:00,120.45,120.455,119.73,119.835,752923.0
2022-10-25 10:30:00,120.26,120.52,120.2527,120.45,414078.0
2022-10-25 10:25:00,120.39,120.53,119.94,120.25,572800.0
2022-10-25 10:20:00,120.1964,120.655,120.19,120.4,562841.0
2022-10-25 10:15:00,120.37,120.51,119.8308,120.2,900730.0
2022-10-25 10:10:00,120.82,120.82,120.29,120.38,757169.0
2022-10-25 10:05:00,120.9,121.14,120.57,120.82,922292.0
2022-10-25 10:00:00,120.99,121.16,120.74,120.89,958675.0
2022-10-25 09:55:00,121.005,121.3152,120.72,121.005,1105382.0
2022-10-25 09:50:00,119.96,121.0801,119.92,121.025,1208995.0
2022-10-25 09:45:00,119.2626,120.06,119.04,119.9271,900206.0
2022-10-25 09:40:00,119.605,119.67,118.95,119.24,1130028.0
2022-10-25 09:35:00,119.65,120.62,119.46,119.6,2401127.0
2022-10-25 09:30:00,120.15,120.15,119.32,119.61,108739.0
2022-10-25 09:25:00,119.9,120.15,119.78,120.12,50602.0
2022-10-25 09:20:00,119.9,119.99,119.72,119.9,28919.0
2022-10-25 09:15:00,119.75,119.85,119.65,119.85,26381.0
2022-10-25 09:10:00,119.49,119.72,119.49,119.7,24616.0
2022-10-25 09:05:00,119.34,119.5,119.34,119.48,12610.0
2022-10-25 09:00:00,119.27,119.34,119.25,119.34,4757.0
2022-10-25 08:55:00,119.29,119.32,119.2,119.23,6533.0
2022-10-25 08:50:00,119.15,119.3,119.15,119.19,7956.0
2022-10-25 08:45:00,119.17,119.24,119.08,119.16,7789.0
2022-10-25 08:40:00,119.3,119.35,119.17,119.18,10624.0
2022-10-25 08:35:00,119.35,119.39,119.26,119.35,3731.0
2022-10-25 08:30:00,119.35,119.44,119.35,119.35,5108.0
2022-10-25 08:25:00,119.39,119.42,119.34,119.36,5964.0
2022-10-25 08:20:00,119.3,119.47,119.27,119.47,7429.0
2022-10-25 08:15:00,119.12,119.31,119.05,119.31,15069.0
2022-10-25 08:10:00,119.0502,119.2,119.0502,119.1201,4290.0
2022-10-25 08:05:00,119.3,119.74,118.83,119.34,52088.0
2022-10-25 08:00:00,119.27,119.27,119.27,119.27,106.0
2022-10-25 07:55:00,119.32,119.32,119.22,119.3,2480.0
2022-10-25 07:50:00,119.62,119.69,119.35,119.35,8630.0
2022-10-25 07:45:00,119.6,119.71,119.45,119.45,13211.0
2022-10-25 07:40:00,119.6,119.61,119.5,119.5,3979.0
2022-10-25 07:35:00,119.64,119.7,119.59,119.6,13531.0
2022-10-25 07:30:00,119.42,119.7,119.42,119.7,6713.0
2022-10-25 07:25:00,119.35,119.35,119.35,119.35,1930.0
2022-10-25 07:20:00,119.28,119.37,119.28,119.37,5477.0
2022-10-25 07:15:00,119.44,119.44,119.24,119.3,4859.0
2022-10-25 07:10:00,119.3,119.37,119.29,119.37,15483.0
2022-10-25 07:05:00,119.4,119.5,119.3,119.31,7737.0
2022-10-25 07:00:00,119.38,119.44,119.37,119.43,1915.0
2022-10-25 06:55:00,119.35,119.36,119.35,119.36,987.0
2022-10-25 06:50:00,119.35,119.37,119.3,119.37,2192.0
2022-10-25 06:45:00,119.34,119.34,119.34,119.34,196.0
2022-10-25 06:25:00,118.98,118.99,118.98,118.99,400.0
2022-10-25 06:10:00,119.2,119.2,119.11,119.11,629.0
2022-10-25 06:05:00,119.09,119.22,119.09,119.2,2862.0
2022-10-25 06:00:00,118.95,118.95,118.95,118.95,167.0
2022-10-25 05:55:00,118.57,118.57,118.57,118.57,284.0
2022-10-25 05:45:00,118.85,118.88,118.83,118.83,1100.0
2022-10-25 05:40:00,118.93,118.93,118.9,118.9,565.0
2022-10-25 05:35:00,118.96,118.96,118.93,118.93,686.0
2022-10-25 05:15:00,119.04,119.04,119.04,119.04,303.0
2022-10-25 05:05:00,119.05,119.05,119.05,119.05,612.0
2022-10-25 05:00:00,119.4,119.4,118.49,119.0,12502.0
2022-10-25 04:55:00,119.51,119.51,119.51,119.51,104.0
2022-10-25 04:50:00,119.46,119.46,119.41,119.41,445.0
2022-10-25 04:45:00,119.55,119.55,119.55,119.55,656.0
2022-10-25 04:40:00,119.55,119.55,119.55,119.55,1358.0
2022-10-25 04:35:00,119.4,119.4,119.4,119.4,550.0
2022-10-25 04:30:00,119.47,119.47,119.4,119.4,517.0
2022-10-25 04:25:00,119.57,119.6,119.57,119.57,1103.0
2022-10-25 04:20:00,119.66,119.66,119.61,119.61,787.0
2022-10-25 04:15:00,119.63,119.63,119.63,119.63,1401.0
2022-10-25 04:10:00,119.52,119.63,119.52,119.63,4299.0
2022-10-25 04:05:00,119.53,119.54,119.44,119.5,3092.0
2022-10-24 20:00:00,119.05,119.06,119.0,119.06,6413.0
2022-10-24 19:55:00,119.08,119.1,119.06,119.06,3737.0
2022-10-24 19:50:00,119.13,119.13,119.05,119.05,8461.0
2022-10-24 19:45:00,119.1,119.14,119.1,119.12,1243.0
2022-10-24 19:40:00,119.19,119.2,119.1,119.1,2124.0
2022-10-24 19:35:00,119.2,119.24,119.2,119.2,2818.0
2022-10-24 19:30:00,119.25,119.26,119.2,119.2,4561.0
2022-10-24 19:25:00,119.14,119.25,119.1,119.25,6916.0
2022-10-24 19:20:00,119.1,119.11,119.1,119.11,2852.0
2022-10-24 19:15:00,119.13,119.14,119.11,119.11,1606.0
2022-10-24 19:10:00,119.1,119.14,119.1,119.1,1181.0
2022-10-24 19:05:00,119.07,119.1,119.07,119.1,3217.0
2022-10-24 19:00:00,119.1,119.1,119.1,119.1,625.0
2022-10-24 18:55:00,119.14,119.14,119.07,119.08,2961.0
2022-10-24 18:50:00,119.18,119.22,119.15,119.17,2675.0
2022-10-24 18:45:00,119.1,119.23,119.1,119.18,11042.0
2022-10-24 18:40:00,119.15,119.15,119.1,119.1,2527.0
2022-10-24 18:35:00,119.15,119.15,119.14,119.14,1263.0
2022-10-24 18:30:00,119.12,119.18,119.11,119.11,3807.0
2022-10-24 18:25:00,119.0,119.16,118.97,119.07,9857.0
2022-10-24 18:20:00,118.93,119.0,118.93,119.0,2328.0
2022-10-24 18:15:00,118.8,119.0,118.8,118.95,3899.0
2022-10-24 18:10:00,118.8,118.8,118.78,118.8,1125.0
2022-10-24 18:05:00,118.8,118.8,118.75,118.75,2689.0
2022-10-24 18:00:00,118.85,118.86,118.79,118.8,2381.0
2022-10-24 17:55:00,118.84,118.86,118.76,118.7901,3592.0
2022-10-24 17:50:00,118.8,118.92,118.8,118.85,3279.0
2022-10-24 17:45:00,118.75,118.86,118.75,118.86,6261.0
2022-10-24 17:40:00,118.99,118.99,118.72,118.74,23678.0
2022-10-24 17:35:00,118.9,119.04,118.9,119.0,4068.0
2022-10-24 17:30:00,119.1,119.1,118.81,118.85,20916.0
2022-10-24 17:25:00,119.3,119.3,119.04,119.1,12079.0
2022-10-24 17:20:00,119.24,119.38,119.2,119.3,20579.0
2022-10-24 17:15:00,119.28,119.3,119.13,119.23,26196.0
2022-10-24 17:10:00,118.86,119.3,118.85,119.3,49370.0
2022-10-24 17:05:00,118.62,118.86,118.62,118.86,27079.0
2022-10-24 17:00:00,118.61,118.75,118.5,118.61,21758.0
2022-10-24 16:55:00,118.25,118.84,118.19,118.7,61817.0
2022-10-24 16:50:00,118.11,118.35,118.02,118.3,78255.0
2022-10-24 16:45:00,118.27,118.31,117.99,118.2,43641.0
2022-10-24 16:40:00,117.6,118.44,117.4215,118.36,100431.0
2022-10-24 16:35:00,118.74,119.82,117.2214,117.5,199182.0
2022-10-24 16:30:00,118.89,118.89,118.7,118.74,27764.0
2022-10-24 16:25:00,119.16,119.25,118.3,118.91,152835.0
2022-10-24 16:20:00,119.7997,119.8,119.18,119.18,46281.0
2022-10-24 16:15:00,119.75,119.84,119.61,119.72,40326.0
2022-10-24 16:10:00,119.83,119.85,119.7,119.7,417362.0
2022-10-24 16:05:00,119.82,119.91,119.67,119.87,737786.0
2022-10-24 16:00:00,119.68,119.99,119.66,119.91,1555423.0
2022-10-24 15:55:00,119.89,120.0,119.68,119.69,772419.0
2022-10-24 15:50:00,120.025,120.11,119.8701,119.88,546149.0
2022-10-24 15:45:00,120.2,120.245,120.03,120.0399,555878.0
2022-10-24 15:40:00,120.175,120.31,120.13,120.2,407467.0
2022-10-24 15:35:00,120.17,120.3,120.07,120.1788,465451.0
2022-10-24 15:30:00,120.2,120.36,120.1285,120.17,572893.0
2022-10-24 15:25:00,120.2599,120.29,120.08,120.205,446612.0
2022-10-24 15:20:00,120.11,120.3,120.08,120.25,527262.0
2022-10-24 15:15:00,119.985,120.12,119.98,120.1199,466316.0
2022-10-24 15:10:00,120.04,120.11,119.88,120.01,426467.0
2022-10-24 15:05:00,119.7187,120.05,119.62,120.03,731546.0
2022-10-24 15:00:00,119.42,119.71,119.3148,119.71,399259.0
2022-10-24 14:55:00,119.5304,119.54,119.28,119.4188,339906.0
2022-10-24 14:50:00,119.49,119.54,119.3811,119.54,347046.0
2022-10-24 14:45:00,119.31,119.58,119.13,119.5,410879.0
2022-10-24 14:40:00,119.135,119.32,119.02,119.3057,359377.0
2022-10-24 14:35:00,118.99,119.18,118.94,119.145,291635.0
2022-10-24 14:30:00,118.98,119.15,118.925,119.01,357807.0
2022-10-24 14:25:00,118.96,119.1,118.8714,118.975,224005.0
2022-10-24 14:20:00,118.9,119.04,118.875,118.95,221431.0
2022-10-24 14:15:00,118.92,118.95,118.8177,118.91,251547.0
2022-10-24 14:10:00,118.82,118.985,118.79,118.91,382085.0
2022-10-24 14:05:00,118.58,118.86,118.525,118.82,348283.0
2022-10-24 14:00:00,118.685,118.775,118.48,118.5775,263906.0
2022-10-24 13:55:00,118.65,118.78,118.5101,118.685,263019.0
2022-10-24 13:50:00,118.82,118.9303,118.51,118.67,315113.0
2022-10-24 13:45:00,118.57,118.88,118.5549,118.81,418642.0
2022-10-24 13:40:00,118.54,118.6,118.41,118.57,363078.0
2022-10-24 13:35:00,118.68,118.73,118.41,118.535,397811.0
2022-10-24 13:30:00,118.72,118.82,118.6012,118.7,401073.0
2022-10-24 13:25:00,118.93,118.94,118.58,118.72,445158.0
2022-10-24 13:20:00,118.9701,119.0099,118.8234,118.93,251426.0
2022-10-24 13:15:00,119.25,119.25,118.875,118.97,309082.0
2022-10-24 13:10:00,119.1201,119.28,119.02,119.25,533806.0
2022-10-24 13:05:00,119.34,119.36,118.95,119.12,520100.0
2022-10-24 13:00:00,119.555,119.6,119.3,119.3455,238945.0
2022-10-24 12:55:00,119.46,119.59,119.4,119.56,281339.0
2022-10-24 12:50:00,119.2851,119.51,119.22,119.46,1043482.0
2022-10-24 12:45:00,119.04,119.29,118.95,119.29,291107.0
2022-10-24 12:40:00,119.08,119.22,118.99,119.04,280631.0
2022-10-24 12:35:00,119.36,119.4,119.0,119.08,345175.0
2022-10-24 12:30:00,119.75,119.78,119.34,119.38,317196.0
2022-10-24 12:25:00,119.68,119.77,119.44,119.75,349553.0
2022-10-24 12:20:00,119.31,119.7,119.28,119.68,458870.0
2022-10-24 12:15:00,119.02,119.345,119.02,119.31,254703.0
2022-10-24 12:10:00,118.97,119.17,118.89,119.02,283067.0
2022-10-24 12:05:00,119.245,119.31,118.86,118.97,357602.0
2022-10-24 12:00:00,119.23,119.32,119.105,119.2401,336433.0
2022-10-24 11:55:00,118.7948,119.3787,118.77,119.2275,566390.0
2022-10-24 11:50:00,118.7599,118.8,118.41,118.79,309831.0
2022-10-24 11:45:00,118.86,118.99,118.62,118.75,308213.0
2022-10-24 11:40:00,118.659,119.0999,118.6,118.8466,465887.0
2022-10-24 11:35:00,118.6301,118.72,118.3801,118.665,346713.0
2022-10-24 11:30:00,118.68,118.8172,118.39,118.66,426069.0
2022-10-24 11:25:00,118.27,118.72,118.27,118.67,460643.0
2022-10-24 11:20:00,118.453,118.72,118.02,118.24,384276.0
2022-10-24 11:15:00,118.12,118.57,118.02,118.45,431355.0
2022-10-24 11:10:00,118.44,118.65,118.07,118.13,552770.0
2022-10-24 11:05:00,118.66,118.81,118.4315,118.4499,562540.0
2022-10-24 11:00:00,118.5545,118.74,118.22,118.64,504041.0
2022-10-24 10:55:00,117.88,118.71,117.87,118.57,663157.0
2022-10-24 10:50:00,118.07,118.31,117.83,117.89,522182.0
2022-10-24 10:45:00,118.0,118.2398,117.75,118.1,670107.0
2022-10-24 10:40:00,117.5374,118.22,117.47,118.0017,739474.0
2022-10-24 10:35:00,117.13,117.72,116.98,117.53,618533.0
2022-10-24 10:30:00,116.81,117.18,116.57,117.1275,804942.0
2022-10-24 10:25:00,117.35,117.3868,116.66,116.8,732736.0
2022-10-24 10:20:00,117.58,117.61,117.1,117.37,814680.0
2022-10-24 10:15:00,117.79,118.1,117.5432,117.58,899040.0
2022-10-24 10:10:00,118.13,118.47,117.64,117.79,1100117.0
2022-10-24 10:05:00,119.09,119.15,118.08,118.125,1036743.0
2022-10-24 10:00:00,119.7597,119.95,118.9301,119.085,914126.0
2022-10-24 09:55:00,119.205,119.81,119.01,119.7385,847123.0
2022-10-24 09:50:00,119.06,120.39,119.045,119.2001,1372928.0
2022-10-24 09:45:00,119.8499,119.8499,118.68,119.05,1292446.0
2022-10-24 09:40:00,119.01,120.09,118.94,119.86,1504427.0
2022-10-24 09:35:00,119.98,120.24,118.8459,119.025,2136541.0
2022-10-24 09:30:00,120.11,120.34,119.81,119.97,99944.0
2022-10-24 09:25:00,120.27,120.45,120.25,120.25,16736.0
2022-10-24 09:20:00,120.26,120.39,120.25,120.31,41137.0
2022-10-24 09:15:00,120.25,120.35,120.16,120.26,13623.0
2022-10-24 09:10:00,120.3,120.35,120.05,120.1612,22729.0
2022-10-24 09:05:00,120.37,120.46,120.26,120.46,7770.0
2022-10-24 09:00:00,120.5,120.5,119.32,120.37,13984.0
2022-10-24 08:55:00,120.36,120.66,120.36,120.49,32303.0
2022-10-24 08:50:00,120.57,120.65,120.4,120.4,10950.0
2022-10-24 08:45:00,120.2301,120.62,120.2301,120.62,11004.0
2022-10-24 08:40:00,120.12,120.26,120.03,120.2364,14577.0
2022-10-24 08:35:00,120.18,120.32,120.1,120.12,25480.0
2022-10-24 08:30:00,120.15,120.25,120.12,120.2,10230.0
2022-10-24 08:25:00,120.51,120.51,120.02,120.12,34177.0
2022-10-24 08:20:00,120.57,120.66,120.329,120.4001,11466.0
2022-10-24 08:15:00,120.64,120.66,120.5006,120.57,17625.0
2022-10-24 08:10:00,120.73,120.75,120.5406,120.5406,10767.0
2022-10-24 08:05:00,120.07,121.08,119.022,120.53,214820.0
2022-10-24 08:00:00,120.8,120.96,120.8,120.85,11296.0
2022-10-24 07:55:00,120.95,120.96,120.72,120.72,10950.0
2022-10-24 07:50:00,120.93,121.01,120.83,120.96,15214.0
2022-10-24 07:45:00,120.65,120.86,120.63,120.86,9622.0
2022-10-24 07:40:00,120.92,120.94,120.7,120.7,13295.0
2022-10-24 07:35:00,120.55,120.91,120.51,120.9,17888.0
2022-10-24 07:30:00,120.28,120.59,120.28,120.59,11841.0
2022-10-24 07:25:00,120.2,120.36,120.2,120.29,9139.0
2022-10-24 07:20:00,120.08,120.24,120.08,120.2,3281.0
2022-10-24 07:15:00,120.0,120.21,119.94,120.2,9938.0
2022-10-24 07:10:00,120.29,120.37,120.0,120.0,33130.0
2022-10-24 07:05:00,120.0,120.29,120.0,120.29,21701.0
2022-10-24 07:00:00,120.0,120.16,120.0,120.16,4187.0
2022-10-24 06:55:00,119.93,119.94,119.72,119.9,2637.0
2022-10-24 06:45:00,119.79,119.79,119.79,119.79,326.0
2022-10-24 06:40:00,119.98,120.0,119.98,120.0,2255.0
2022-10-24 06:35:00,119.89,120.11,119.89,120.0,2912.0
2022-10-24 06:30:00,119.96,120.0,119.96,120.0,796.0
2022-10-24 06:25:00,119.93,119.99,119.8,119.99,2654.0
2022-10-24 06:20:00,119.4,119.93,119.4,119.93,4990.0
2022-10-24 06:15:00,119.46,119.46,119.33,119.33,999.0
2022-10-24 06:10:00,119.48,119.5,119.48,119.5,850.0
2022-10-24 06:05:00,119.65,119.79,119.64,119.79,2171.0
2022-10-24 06:00:00,119.4,119.65,119.35,119.35,4101.0
2022-10-24 05:55:00,119.1,119.4,119.1,119.35,5878.0
2022-10-24 05:50:00,118.89,119.0,118.84,119.0,7298.0
2022-10-24 05:45:00,118.93,118.95,118.93,118.95,1294.0
2022-10-24 05:40:00,118.87,118.87,118.87,118.87,151.0
2022-10-24 05:35:00,118.68,118.95,118.68,118.95,1704.0
2022-10-24 05:30:00,118.86,118.86,118.68,118.68,943.0
2022-10-24 05:25:00,118.82,118.82,118.66,118.66,2158.0
2022-10-24 05:20:00,118.72,118.72,118.61,118.66,1581.0
2022-10-24 05:15:00,118.88,118.97,118.86,118.86,1976.0
2022-10-24 05:10:00,118.89,118.89,118.89,118.89,522.0
2022-10-24 05:05:00,118.85,118.85,118.72,118.72,677.0
2022-10-24 05:00:00,118.89,119.17,118.79,118.79,4093.0
2022-10-24 04:55:00,118.56,118.76,118.56,118.76,359.0
2022-10-24 04:50:00,118.55,118.55,118.45,118.45,2608.0
2022-10-24 04:45:00,118.49,118.52,118.2,118.49,2491.0
2022-10-24 04:40:00,118.72,118.72,118.47,118.5,1350.0
2022-10-24 04:35:00,118.5,118.63,118.5,118.63,2097.0
2022-10-24 04:25:00,118.55,118.8,118.55,118.65,2577.0
2022-10-24 04:20:00,118.75,118.95,118.6,118.6,1003.0
2022-10-24 04:15:00,118.81,119.0,118.57,118.74,3157.0
2022-10-24 04:10:00,118.94,118.94,118.48,118.81,7210.0
2022-10-24 04:05:00,119.02,119.2,118.33,118.89,8739.0
2022-10-21 20:00:00,119.7,119.85,119.7,119.85,4779.0
2022-10-21 19:55:00,119.7,119.74,119.7,119.72,2366.0
2022-10-21 19:50:00,119.8599,119.8599,119.7,119.7,4242.0
2022-10-21 19:45:00,119.72,119.8,119.72,119.8,3179.0
2022-10-21 19:40:00,119.72,119.75,119.72,119.75,1433.0
2022-10-21 19:35:00,119.73,119.79,119.7,119.7,2067.0
2022-10-21 19:30:00,119.7,119.73,119.7,119.73,1295.0
2022-10-21 19:25:00,119.69,119.69,119.66,119.66,2670.0
2022-10-21 19:20:00,119.67,119.67,119.66,119.67,1106.0
2022-10-21 19:15:00,119.74,119.74,119.68,119.68,2733.0
2022-10-21 19:10:00,119.71,119.74,119.67,119.74,3365.0
2022-10-21 19:05:00,119.71,119.73,119.71,119.73,732.0
2022-10-21 19:00:00,119.7,119.71,119.7,119.7,1347.0
2022-10-21 18:55:00,119.74,119.75,119.68,119.75,1973.0
2022-10-21 18:50:00,119.7,119.7,119.65,119.65,761.0
2022-10-21 18:45:00,119.52,119.65,119.52,119.65,2345.0
2022-10-21 18:40:00,119.62,119.67,119.62,119.62,1337.0
2022-10-21 18:35:00,119.69,119.7,119.63,119.7,1365.0
2022-10-21 18:25:00,119.64,119.6999,119.64,119.6999,1546.0
2022-10-21 18:20:00,119.58,119.58,119.55,119.55,2631.0
2022-10-21 18:15:00,119.7,119.7,119.52,119.6,6133.0
2022-10-21 18:10:00,119.49,119.66,119.4699,119.66,16824.0
2022-10-21 18:05:00,119.42,119.45,119.4,119.45,4016.0
2022-10-21 18:00:00,119.4,119.4,119.4,119.4,341.0
2022-10-21 17:55:00,119.4,119.45,119.37,119.45,6701.0
2022-10-21 17:50:00,119.34,119.4,119.33,119.4,3162.0
2022-10-21 17:45:00,119.39,119.42,119.37,119.37,1847.0
2022-10-21 17:40:00,119.33,119.37,119.33,119.3601,1457.0
2022-10-21 17:35:00,119.34,119.38,119.33,119.35,4897.0
2022-10-21 17:30:00,119.34,119.4,119.32,119.4,156345.0
2022-10-21 17:25:00,119.4,119.4,119.33,119.33,5019.0
2022-10-21 17:20:00,119.47,119.47,119.4,119.4,5614.0
2022-10-21 17:15:00,119.45,119.49,119.44,119.47,6614.0
2022-10-21 17:10:00,119.45,119.4783,119.45,119.4783,1692.0
2022-10-21 17:05:00,119.5,119.5,119.44,119.4401,1146.0
2022-10-21 17:00:00,119.58,119.58,119.5,119.51,5354.0
2022-10-21 16:55:00,119.51,119.58,119.51,119.58,3754.0
2022-10-21 16:50:00,119.43,119.56,119.3545,119.56,9877.0
2022-10-21 16:45:00,119.52,119.53,119.45,119.45,8890.0
2022-10-21 16:40:00,119.48,119.6,119.48,119.59,8147.0
2022-10-21 16:35:00,119.4,119.44,119.4,119.44,95841.0
2022-10-21 16:30:00,119.39,119.42,119.37,119.4,14790.0
2022-10-21 16:25:00,119.34,119.39,119.34,119.39,3302.0
2022-10-21 16:20:00,119.38,119.4,119.32,119.38,369201.0
2022-10-21 16:15:00,119.32,119.38,119.32,119.37,12042.0
2022-10-21 16:10:00,119.38,119.38,119.32,119.34,89178.0
2022-10-21 16:05:00,119.31,119.49,119.21,119.38,935637.0
2022-10-21 16:00:00,119.37,119.48,119.19,119.31,2037871.0
2022-10-21 15:55:00,119.23,119.59,119.2,119.38,945544.0
2022-10-21 15:50:00,119.37,119.38,119.195,119.25,741178.0
2022-10-21 15:45:00,119.3101,119.53,119.31,119.37,692374.0
2022-10-21 15:40:00,119.31,119.38,119.1905,119.315,555072.0
2022-10-21 15:35:00,119.365,119.47,119.24,119.3,617344.0
2022-10-21 15:30:00,119.17,119.37,119.15,119.3664,718124.0
2022-10-21 15:25:00,119.04,119.17,118.96,119.169,614010.0
2022-10-21 15:20:00,119.1101,119.13,118.935,119.05,711499.0
2022-10-21 15:15:00,118.935,119.13,118.87,119.1185,535153.0
2022-10-21 15:10:00,118.94,119.11,118.85,118.93,599374.0
2022-10-21 15:05:00,118.73,118.97,118.62,118.935,532885.0
2022-10-21 15:00:00,118.4899,118.74,118.46,118.72,414890.0
2022-10-21 14:55:00,118.62,118.65,118.4,118.47,267231.0
2022-10-21 14:50:00,118.43,118.62,118.35,118.61,439015.0
2022-10-21 14:45:00,118.5756,118.74,118.41,118.41,325182.0
2022-10-21 14:40:00,118.51,118.6266,118.39,118.57,478318.0
2022-10-21 14:35:00,118.61,118.78,118.52,118.52,332636.0
2022-10-21 14:30:00,118.475,118.65,118.32,118.62,380037.0
2022-10-21 14:25:00,118.53,118.65,118.44,118.475,213359.0
2022-10-21 14:20:00,118.52,118.68,118.34,118.54,430433.0
2022-10-21 14:15:00,118.7534,118.8979,118.52,118.53,602388.0
2022-10-21 14:10:00,118.625,118.79,118.57,118.76,413603.0
2022-10-21 14:05:00,118.48,118.69,118.44,118.64,420566.0
2022-10-21 14:00:00,118.2299,118.48,118.2,118.47,295067.0
2022-10-21 13:55:00,118.15,118.32,118.1032,118.2268,359202.0
2022-10-21 13:50:00,118.03,118.15,118.03,118.15,261748.0
2022-10-21 13:45:00,117.975,118.26,117.96,118.03,311674.0
2022-10-21 13:40:00,117.85,118.01,117.75,117.97,222339.0
2022-10-21 13:35:00,117.8,118.2,117.79,117.8527,266503.0
2022-10-21 13:30:00,117.6701,117.95,117.65,117.7914,272432.0
2022-10-21 13:25:00,117.99,118.04,117.58,117.6854,321290.0
2022-10-21 13:20:00,117.8601,118.03,117.69,118.0,324829.0
2022-10-21 13:15:00,117.8799,117.9776,117.81,117.867,309324.0
2022-10-21 13:10:00,118.11,118.2,117.85,117.885,412673.0
2022-10-21 13:05:00,117.8,118.17,117.76,118.11,420538.0
2022-10-21 13:00:00,118.0486,118.09,117.72,117.79,523852.0
2022-10-21 12:55:00,117.75,118.07,117.73,118.04,525402.0
2022-10-21 12:50:00,117.45,117.83,117.41,117.74,428921.0
2022-10-21 12:45:00,117.12,117.57,117.12,117.45,418765.0
2022-10-21 12:40:00,117.28,117.6,117.02,117.13,412234.0
2022-10-21 12:35:00,116.97,117.3476,116.86,117.3,325626.0
2022-10-21 12:30:00,117.312,117.36,116.88,116.949,417632.0
2022-10-21 12:25:00,117.04,117.3652,116.84,117.3186,348191.0
2022-10-21 12:20:00,117.38,117.39,116.92,117.04,512452.0
2022-10-21 12:15:00,117.37,117.45,117.0,117.38,477083.0
2022-10-21 12:10:00,117.65,117.65,117.32,117.35,663385.0
2022-10-21 12:05:00,117.2201,117.69,117.22,117.66,725186.0
2022-10-21 12:00:00,116.84,117.23,116.7,117.23,418823.0
2022-10-21 11:55:00,116.8501,117.09,116.71,116.83,532694.0
2022-10-21 11:50:00,116.7112,116.95,116.54,116.86,583673.0
2022-10-21 11:45:00,116.1,116.89,116.05,116.71,511399.0
2022-10-21 11:40:00,116.51,116.56,116.01,116.08,581200.0
2022-10-21 11:35:00,116.275,116.76,116.24,116.48,550954.0
2022-10-21 11:30:00,115.87,116.38,115.87,116.28,484580.0
2022-10-21 11:25:00,115.69,116.2199,115.49,115.85,568895.0
2022-10-21 11:20:00,115.755,116.039,115.61,115.69,601874.0
2022-10-21 11:15:00,115.7501,116.0225,115.64,115.78,524858.0
2022-10-21 11:10:00,115.65,115.95,115.58,115.75,630603.0
2022-10-21 11:05:00,115.68,115.802,115.36,115.63,555971.0
2022-10-21 11:00:00,116.28,116.5,115.6,115.66,718968.0
2022-10-21 10:55:00,116.2701,116.43,116.11,116.26,487408.0
2022-10-21 10:50:00,115.81,116.38,115.74,116.28,759148.0
2022-10-21 10:45:00,115.6714,116.02,115.56,115.83,1054454.0
2022-10-21 10:40:00,115.99,116.126,115.52,115.69,666631.0
2022-10-21 10:35:00,116.01,116.43,115.95,115.983,480575.0
2022-10-21 10:30:00,116.25,116.4,115.97,116.01,581214.0
2022-10-21 10:25:00,116.79,116.98,116.15,116.2636,830614.0
2022-10-21 10:20:00,116.75,116.9,116.52,116.76,612060.0
2022-10-21 10:15:00,116.695,116.93,116.47,116.75,588092.0
2022-10-21 10:10:00,116.21,117.02,116.1777,116.6801,968937.0
2022-10-21 10:05:00,116.435,116.66,115.64,116.22,1136888.0
2022-10-21 10:00:00,116.2401,116.59,115.94,116.45,1112576.0
2022-10-21 09:55:00,115.4,116.45,115.25,116.25,1038156.0
2022-10-21 09:50:00,115.415,116.04,115.02,115.39,1221033.0
2022-10-21 09:45:00,115.65,115.74,114.95,115.42,1335597.0
2022-10-21 09:40:00,115.18,116.19,114.82,115.645,1187687.0
2022-10-21 09:35:00,114.792,115.92,114.5,115.21,4219190.0
2022-10-21 09:30:00,114.76,115.45,114.73,114.97,40079.0
2022-10-21 09:25:00,114.61,115.0,114.55,114.77,22230.0
2022-10-21 09:20:00,114.75,114.9,114.37,114.64,42742.0
2022-10-21 09:15:00,115.41,115.49,114.38,114.56,156627.0
2022-10-21 09:10:00,114.3,115.4,114.19,115.38,67831.0
2022-10-21 09:05:00,113.9493,115.0,113.93,114.34,94226.0
2022-10-21 09:00:00,113.4,113.9448,113.38,113.67,15345.0
2022-10-21 08:55:00,113.31,113.42,113.25,113.37,20618.0
2022-10-21 08:50:00,113.36,113.36,113.2699,113.35,11787.0
2022-10-21 08:45:00,113.44,113.55,113.35,113.35,14569.0
2022-10-21 08:40:00,113.34,113.49,113.32,113.3701,13350.0
2022-10-21 08:35:00,113.48,113.54,113.3,113.3,18957.0
2022-10-21 08:30:00,113.41,113.6,113.3846,113.3846,21062.0
2022-10-21 08:25:00,113.35,113.4894,113.2,113.37,17271.0
2022-10-21 08:20:00,113.57,113.59,113.2,113.3,31861.0
2022-10-21 08:15:00,113.8,113.8,113.58,113.58,20865.0
2022-10-21 08:10:00,113.86,113.9,113.71,113.71,13140.0
2022-10-21 08:05:00,114.25,114.962,113.76,113.81,36433.0
2022-10-21 08:00:00,113.92,114.0,113.8,113.9,8813.0
2022-10-21 07:55:00,114.09,114.09,113.95,113.99,4756.0
2022-10-21 07:50:00,113.97,114.13,113.97,114.13,7564.0
2022-10-21 07:45:00,114.13,114.17,114.05,114.05,6009.0
2022-10-21 07:40:00,114.16,114.16,114.09,114.09,1100.0
2022-10-21 07:35:00,113.9,114.1,113.9,114.1,2883.0
2022-10-21 07:30:00,113.95,114.1,113.85,114.1,10947.0
2022-10-21 07:25:00,114.0,114.17,113.96,114.07,27745.0
2022-10-21 07:20:00,113.9,114.09,113.9,114.0,34438.0
2022-10-21 07:15:00,113.98,114.0,113.88,113.91,6402.0
2022-10-21 07:10:00,114.28,114.3,114.0,114.0,16528.0
2022-10-21 07:05:00,114.21,114.44,114.14,114.2,14701.0
2022-10-21 07:00:00,114.12,114.26,114.11,114.18,7566.0
2022-10-21 06:55:00,113.93,114.25,113.93,114.25,2820.0
2022-10-21 06:50:00,113.85,113.93,113.85,113.93,807.0
2022-10-21 06:40:00,113.91,113.98,113.91,113.98,842.0
2022-10-21 06:25:00,113.86,113.86,113.86,113.86,104.0
2022-10-21 06:20:00,114.05,114.05,113.8,113.8,1814.0
2022-10-21 06:15:00,114.04,114.1,114.04,114.1,6605.0
2022-10-21 06:05:00,114.18,114.18,114.18,114.18,311.0
2022-10-21 06:00:00,114.19,114.2,114.19,114.2,510.0
2022-10-21 05:55:00,114.0,114.13,114.0,114.13,1467.0
2022-10-21 05:50:00,113.96,113.96,113.96,113.96,370.0
2022-10-21 05:30:00,113.86,113.96,113.86,113.96,2183.0
2022-10-21 05:25:00,113.86,113.86,113.86,113.86,740.0
2022-10-21 05:15:00,113.95,113.96,113.9,113.9,1950.0
2022-10-21 05:10:00,113.95,113.95,113.81,113.89,2177.0
2022-10-21 05:05:00,114.12,114.12,114.0,114.0,539.0
2022-10-21 05:00:00,113.94,113.94,113.94,113.94,225.0
2022-10-21 04:55:00,113.98,113.98,113.98,113.98,100.0
2022-10-21 04:50:00,113.81,113.99,113.81,113.99,449.0
2022-10-21 04:40:00,113.9,113.9,113.9,113.9,206.0
2022-10-21 04:35:00,114.02,114.02,113.94,113.94,2387.0
2022-10-21 04:30:00,114.07,114.07,114.01,114.01,2462.0
2022-10-21 04:25:00,114.06,114.06,114.05,114.06,1028.0
2022-10-21 04:20:00,114.24,114.3,114.13,114.3,2052.0
2022-10-21 04:15:00,114.25,114.3,114.25,114.3,1485.0
2022-10-21 04:05:00,114.5,114.5,114.2,114.2,2428.0
2022-10-20 20:00:00,114.61,114.61,114.4,114.4,6037.0
2022-10-20 19:55:00,114.57,114.63,114.57,114.63,933.0
2022-10-20 19:50:00,114.43,114.59,114.43,114.51,3674.0
2022-10-20 19:45:00,114.38,114.43,114.38,114.41,1729.0
2022-10-20 19:40:00,114.28,114.3893,114.28,114.3893,817.0
2022-10-20 19:35:00,114.23,114.35,114.23,114.34,1314.0
2022-10-20 19:30:00,114.22,114.26,114.16,114.2,3296.0
2022-10-20 19:25:00,114.2,114.2,114.2,114.2,1280.0
2022-10-20 19:20:00,114.18,114.2,114.1,114.15,11142.0
2022-10-20 19:15:00,114.29,114.3,114.16,114.18,5587.0
2022-10-20 19:10:00,114.3,114.3,114.16,114.27,8858.0
2022-10-20 19:05:00,114.18,114.35,114.18,114.33,4306.0
2022-10-20 19:00:00,114.21,114.2799,114.18,114.2,4491.0
2022-10-20 18:55:00,114.15,114.2501,114.15,114.22,2571.0
2022-10-20 18:50:00,114.28,114.28,114.2,114.21,4099.0
2022-10-20 18:45:00,114.3,114.3,114.25,114.25,2048.0
2022-10-20 18:40:00,114.27,114.3,114.25,114.3,1021.0
2022-10-20 18:35:00,114.47,114.47,114.25,114.26,12238.0
2022-10-20 18:30:00,114.61,114.62,114.5,114.58,3752.0
2022-10-20 18:25:00,114.53,114.69,114.52,114.53,2033.0
2022-10-20 18:20:00,114.46,114.55,114.46,114.55,425.0
2022-10-20 18:15:00,114.54,114.68,114.47,114.68,2237.0
2022-10-20 18:10:00,114.62,114.65,114.46,114.46,2684.0
2022-10-20 18:05:00,114.62,114.81,114.5,114.81,19174.0
2022-10-20 18:00:00,114.6,114.62,114.6,114.6,8252.0
2022-10-20 17:55:00,114.6,114.7,114.6,114.7,11314.0
2022-10-20 17:50:00,114.64,114.66,114.6,114.65,3223.0
2022-10-20 17:45:00,114.81,114.95,114.61,114.64,4821.0
2022-10-20 17:40:00,114.8,115.0,114.8,115.0,4797.0
2022-10-20 17:35:00,114.72,114.77,114.72,114.77,1088.0
2022-10-20 17:30:00,114.77,114.8,114.66,114.8,3102.0
2022-10-20 17:25:00,114.7,114.73,114.7,114.73,509.0
2022-10-20 17:20:00,114.79,114.8,114.69,114.79,4091.0
2022-10-20 17:15:00,114.77,114.8,114.7101,114.79,5363.0
2022-10-20 17:10:00,114.84,114.89,114.68,114.77,4860.0
2022-10-20 17:05:00,114.9,114.9,114.85,114.85,3126.0
2022-10-20 17:00:00,114.99,114.99,114.83,114.86,2372.0
2022-10-20 16:55:00,115.13,115.13,114.9,114.9,3598.0
2022-10-20 16:50:00,115.12,115.24,114.99,115.15,14393.0
2022-10-20 16:45:00,115.0,115.25,114.85,115.08,24137.0
2022-10-20 16:40:00,114.87,115.118,114.87,115.0,26212.0
2022-10-20 16:35:00,114.5,114.9792,114.45,114.956,126633.0
2022-10-20 16:30:00,114.46,114.5,114.26,114.49,113881.0
2022-10-20 16:25:00,114.7,114.8,114.3,114.5,63927.0
2022-10-20 16:20:00,114.98,115.25,114.7,114.71,110599.0
2022-10-20 16:15:00,115.42,115.68,114.75,114.99,160633.0
2022-10-20 16:10:00,115.26,115.43,115.2216,115.42,176976.0
2022-10-20 16:05:00,115.25,115.43,115.22,115.26,927135.0
2022-10-20 16:00:00,115.44,115.56,115.18,115.22,1640843.0
2022-10-20 15:55:00,115.44,115.66,115.28,115.44,751556.0
2022-10-20 15:50:00,115.41,115.47,115.1607,115.43,565227.0
2022-10-20 15:45:00,115.19,115.49,115.09,115.41,486231.0
2022-10-20 15:40:00,115.01,115.41,114.96,115.19,539677.0
2022-10-20 15:35:00,115.11,115.16,114.89,115.03,601780.0
2022-10-20 15:30:00,115.27,115.38,115.02,115.12,491091.0
2022-10-20 15:25:00,115.28,115.32,114.97,115.27,566157.0
2022-10-20 15:20:00,115.58,115.585,115.24,115.27,379626.0
2022-10-20 15:15:00,115.6199,115.6799,115.3234,115.585,399026.0
2022-10-20 15:10:00,115.3,115.72,115.3,115.61,410751.0
2022-10-20 15:05:00,115.3101,115.54,115.29,115.32,341880.0
2022-10-20 15:00:00,115.26,115.54,115.17,115.32,432254.0
2022-10-20 14:55:00,115.03,115.385,114.9521,115.27,594059.0
2022-10-20 14:50:00,114.88,115.1299,114.76,115.03,550342.0
2022-10-20 14:45:00,115.1999,115.1999,114.84,114.88,501728.0
2022-10-20 14:40:00,115.4818,115.4976,115.12,115.1899,356344.0
2022-10-20 14:35:00,115.21,115.54,115.09,115.485,494779.0
2022-10-20 14:30:00,115.3,115.39,115.17,115.21,345845.0
2022-10-20 14:25:00,115.56,115.58,115.24,115.32,354711.0
2022-10-20 14:20:00,115.465,115.67,115.39,115.57,305476.0
2022-10-20 14:15:00,115.67,115.77,115.405,115.46,346585.0
2022-10-20 14:10:00,115.999,116.0,115.51,115.6672,369607.0
2022-10-20 14:05:00,116.01,116.1285,115.93,116.0,519813.0
2022-10-20 14:00:00,115.9,116.05,115.81,116.0147,284112.0
2022-10-20 13:55:00,115.88,116.08,115.73,115.94,498487.0
2022-10-20 13:50:00,116.27,116.31,115.8,115.9,533525.0
2022-10-20 13:45:00,116.27,116.4299,116.06,116.2631,419075.0
2022-10-20 13:40:00,116.28,116.4856,116.21,116.285,249229.0
2022-10-20 13:35:00,116.44,116.4799,116.22,116.28,318080.0
2022-10-20 13:30:00,116.39,116.5568,116.35,116.435,304896.0
2022-10-20 13:25:00,116.407,116.67,116.28,116.38,331799.0
2022-10-20 13:20:00,116.42,116.51,116.22,116.39,259983.0
2022-10-20 13:15:00,116.21,116.5299,116.17,116.42,410492.0
2022-10-20 13:10:00,116.65,116.66,116.02,116.21,571485.0
2022-10-20 13:05:00,116.67,116.72,116.4045,116.65,225607.0
2022-10-20 13:00:00,116.49,116.715,116.4,116.68,238803.0
2022-10-20 12:55:00,116.495,116.71,116.4,116.5,283523.0
2022-10-20 12:50:00,116.51,116.539,116.17,116.47,400541.0
2022-10-20 12:45:00,116.64,116.755,116.4,116.51,336343.0
2022-10-20 12:40:00,116.7875,116.9,116.55,116.65,349685.0
2022-10-20 12:35:00,116.74,116.9,116.62,116.79,360571.0
2022-10-20 12:30:00,116.905,116.94,116.56,116.74,460633.0
2022-10-20 12:25:00,117.18,117.22,116.69,116.8983,451010.0
2022-10-20 12:20:00,117.02,117.36,116.9605,117.19,448479.0
2022-10-20 12:15:00,116.965,117.11,116.81,117.0168,435623.0
2022-10-20 12:10:00,117.29,117.37,116.79,116.975,565416.0
2022-10-20 12:05:00,117.6919,117.73,117.24,117.31,652278.0
2022-10-20 12:00:00,118.04,118.1,117.66,117.68,970800.0
2022-10-20 11:55:00,118.04,118.23,117.945,118.05,468698.0
2022-10-20 11:50:00,117.875,118.06,117.69,118.02,479360.0
2022-10-20 11:45:00,117.81,117.99,117.78,117.86,411274.0
2022-10-20 11:40:00,117.4701,117.855,117.44,117.8,326343.0
2022-10-20 11:35:00,117.2099,117.5805,117.2,117.48,473122.0
2022-10-20 11:30:00,117.6001,117.68,116.98,117.21,630258.0
2022-10-20 11:25:00,117.7,117.73,117.52,117.6,419556.0
2022-10-20 11:20:00,118.09,118.1193,117.6701,117.7,404893.0
2022-10-20 11:15:00,117.99,118.2,117.88,118.1,425508.0
2022-10-20 11:10:00,117.68,118.0,117.64,117.98,379155.0
2022-10-20 11:05:00,118.105,118.24,117.66,117.69,577247.0
2022-10-20 11:00:00,117.4199,118.14,117.41,118.1027,739707.0
2022-10-20 10:55:00,117.52,117.6699,117.3932,117.41,372784.0
2022-10-20 10:50:00,117.57,117.76,117.48,117.53,440123.0
2022-10-20 10:45:00,117.72,117.74,117.31,117.58,509813.0
2022-10-20 10:40:00,117.73,117.835,117.52,117.7101,593573.0
2022-10-20 10:35:00,117.93,118.1,117.42,117.72,578310.0
2022-10-20 10:30:00,117.9501,117.9808,117.6301,117.92,475297.0
2022-10-20 10:25:00,117.87,118.04,117.75,117.96,649541.0
2022-10-20 10:20:00,117.235,117.96,117.22,117.86,633074.0
2022-10-20 10:15:00,117.45,117.7,117.13,117.2399,849854.0
2022-10-20 10:10:00,116.8887,117.55,116.85,117.4499,944657.0
2022-10-20 10:05:00,116.1,116.97,115.95,116.89,874779.0
2022-10-20 10:00:00,116.25,116.85,116.08,116.09,1061350.0
2022-10-20 09:55:00,116.17,116.56,116.1,116.25,1217330.0
2022-10-20 09:50:00,115.84,116.41,115.66,116.16,1118653.0
2022-10-20 09:45:00,114.605,115.85,114.44,115.85,939275.0
2022-10-20 09:40:00,114.74,115.2,114.355,114.6,1006029.0
2022-10-20 09:35:00,113.83,114.93,113.51,114.73,1840118.0
2022-10-20 09:30:00,114.41,114.4997,113.69,113.85,77646.0
2022-10-20 09:25:00,114.62,114.72,114.4,114.4,16636.0
2022-10-20 09:20:00,114.53,114.73,114.53,114.73,6396.0
2022-10-20 09:15:00,114.77,114.77,114.5,114.63,14594.0
2022-10-20 09:10:00,114.53,114.84,114.45,114.84,17609.0
2022-10-20 09:05:00,114.29,114.58,114.29,114.56,14951.0
2022-10-20 09:00:00,114.8,114.8,114.207,114.207,33871.0
2022-10-20 08:55:00,114.72,114.99,114.72,114.8,90310.0
2022-10-20 08:50:00,114.5,114.77,114.4955,114.61,11116.0
2022-10-20 08:45:00,114.9,114.98,114.47,114.5,28696.0
2022-10-20 08:40:00,115.34,115.34,114.6,114.9,23658.0
2022-10-20 08:35:00,115.5,116.07,115.23,115.37,40354.0
2022-10-20 08:30:00,115.7,115.75,115.5,115.5,8191.0
2022-10-20 08:25:00,115.36,115.85,115.36,115.73,26000.0
2022-10-20 08:20:00,115.34,115.58,115.3,115.3,27540.0
2022-10-20 08:15:00,115.2601,115.34,115.1,115.34,12520.0
2022-10-20 08:10:00,115.51,115.51,115.25,115.25,13017.0
2022-10-20 08:05:00,115.5299,115.59,114.75,115.55,71684.0
2022-10-20 08:00:00,115.12,115.3,115.12,115.3,5550.0
2022-10-20 07:55:00,115.0,115.12,114.93,115.12,2507.0
2022-10-20 07:50:00,114.8,115.14,114.79,115.1,6396.0
2022-10-20 07:45:00,114.85,114.9,114.8,114.8,10526.0
2022-10-20 07:35:00,115.1,115.1,114.9,114.9,3493.0
2022-10-20 07:30:00,115.01,115.01,115.0,115.0,2173.0
2022-10-20 07:25:00,115.44,115.44,115.15,115.15,3580.0
2022-10-20 07:20:00,115.24,115.5,115.22,115.5,17695.0
2022-10-20 07:15:00,115.14,115.29,115.14,115.15,8631.0
2022-10-20 07:10:00,115.1,115.1,115.05,115.05,1353.0
2022-10-20 07:05:00,114.83,115.3,114.83,115.3,25800.0
2022-10-20 07:00:00,115.21,115.21,114.89,115.05,3062.0
2022-10-20 06:55:00,114.7,115.34,114.7,115.34,11522.0
2022-10-20 06:50:00,114.78,114.78,114.78,114.78,225.0
2022-10-20 06:45:00,114.47,114.88,114.47,114.8,4013.0
2022-10-20 06:40:00,114.3,114.47,114.29,114.47,2030.0
2022-10-20 06:30:00,114.22,114.22,114.22,114.22,200.0
2022-10-20 06:10:00,114.21,114.21,114.21,114.21,269.0
2022-10-20 06:05:00,114.21,114.27,114.2,114.2,2166.0
2022-10-20 06:00:00,114.21,114.21,114.19,114.19,780.0
2022-10-20 05:55:00,114.33,114.39,114.33,114.39,294.0
2022-10-20 05:40:00,114.21,114.23,114.2,114.2,1517.0
2022-10-20 05:35:00,114.15,114.15,114.15,114.15,789.0
2022-10-20 05:20:00,114.0,114.0,114.0,114.0,1309.0
2022-10-20 05:15:00,113.99,113.99,113.99,113.99,500.0
2022-10-20 05:10:00,113.84,113.84,113.84,113.84,532.0
2022-10-20 05:00:00,113.72,113.72,113.72,113.72,260.0
2022-10-20 04:40:00,114.1,114.15,114.1,114.15,765.0
2022-10-20 04:35:00,113.85,113.85,113.85,113.85,280.0
2022-10-20 04:25:00,113.98,114.04,113.98,114.04,1070.0
2022-10-20 04:20:00,113.71,113.8,113.69,113.79,1667.0
2022-10-20 04:15:00,113.94,113.94,113.6,113.6,2158.0
2022-10-20 04:10:00,113.98,114.1,113.98,114.0,2409.0
2022-10-20 04:05:00,113.59,113.87,113.59,113.87,1260.0
2022-10-19 20:00:00,114.01,114.2,113.85,114.2,9751.0
2022-10-19 19:55:00,113.88,114.1,113.8,114.0,9926.0
2022-10-19 19:50:00,114.0,114.0,113.9,113.9,2152.0
2022-10-19 19:45:00,114.05,114.07,114.0,114.0,2586.0
2022-10-19 19:40:00,114.0,114.02,114.0,114.0,3602.0
2022-10-19 19:35:00,114.1,114.1,114.0,114.0,4548.0
2022-10-19 19:30:00,114.17,114.18,114.1,114.1,5028.0
2022-10-19 19:25:00,114.07,114.15,114.01,114.15,3490.0
2022-10-19 19:20:00,114.12,114.16,114.0,114.07,6671.0
2022-10-19 19:15:00,114.08,114.2,114.07,114.2,5698.0
2022-10-19 19:10:00,114.2,114.2,114.1,114.12,5518.0
2022-10-19 19:05:00,114.28,114.3,114.07,114.15,13615.0
2022-10-19 19:00:00,114.36,114.36,114.27,114.3,8571.0
2022-10-19 18:55:00,114.55,114.58,114.32,114.34,5765.0
2022-10-19 18:50:00,114.71,114.71,114.5101,114.5101,3923.0
2022-10-19 18:45:00,114.77,114.77,114.62,114.62,14945.0
2022-10-19 18:40:00,114.8,114.8,114.77,114.77,667.0
2022-10-19 18:35:00,114.85,114.85,114.76,114.78,3148.0
2022-10-19 18:30:00,114.76,114.85,114.75,114.8013,2416.0
2022-10-19 18:25:00,114.91,114.91,114.75,114.8,2806.0
2022-10-19 18:20:00,114.8,114.94,114.7001,114.94,5262.0
2022-10-19 18:15:00,114.67,114.88,114.67,114.76,4682.0
2022-10-19 18:10:00,114.64,114.84,114.62,114.62,2459.0
2022-10-19 18:05:00,114.95,114.95,114.71,114.74,11531.0
2022-10-19 18:00:00,114.904,114.91,114.9,114.91,1570.0
2022-10-19 17:55:00,114.95,114.95,114.91,114.95,1118.0
2022-10-19 17:50:00,115.0,115.0,114.95,114.95,1416.0
2022-10-19 17:45:00,115.03,115.07,114.98,115.07,5265.0
2022-10-19 17:40:00,114.97,115.0,114.9,115.0,4318.0
2022-10-19 17:35:00,114.8559,114.95,114.85,114.95,2528.0
2022-10-19 17:30:00,114.8555,114.8555,114.85,114.85,965.0
2022-10-19 17:25:00,114.9012,114.94,114.9,114.92,1903.0
2022-10-19 17:20:00,114.9399,115.0,114.83,114.83,4227.0
2022-10-19 17:15:00,114.8208,114.95,114.82,114.93,2906.0
2022-10-19 17:10:00,115.05,115.1,114.96,114.98,7300.0
2022-10-19 17:05:00,115.05,115.05,114.98,115.02,2368.0
2022-10-19 17:00:00,115.0,115.09,114.98,115.05,3531.0
2022-10-19 16:55:00,115.039,115.09,115.01,115.01,6311.0
2022-10-19 16:50:00,115.13,115.13,115.07,115.07,612.0
2022-10-19 16:45:00,115.29,115.29,115.0,115.02,15148.0
2022-10-19 16:40:00,115.2304,115.32,115.23,115.23,4744.0
2022-10-19 16:35:00,115.09,115.33,115.0,115.22,9863.0
2022-10-19 16:30:00,114.96,115.0,114.92,115.0,34144.0
2022-10-19 16:25:00,115.07,115.18,114.88,114.93,15551.0
2022-10-19 16:20:00,115.04,115.07,114.97,115.07,17848.0
2022-10-19 16:15:00,115.0,115.07,114.91,114.91,445257.0
2022-10-19 16:10:00,115.18,115.63,114.65,114.99,198514.0
2022-10-19 16:05:00,115.07,115.73,115.0,115.21,1204484.0
2022-10-19 16:00:00,114.94,115.2,114.86,115.1,1386052.0
2022-10-19 15:55:00,114.64,114.99,114.48,114.95,754946.0
2022-10-19 15:50:00,114.63,114.79,114.4,114.6452,451327.0
2022-10-19 15:45:00,114.42,114.67,114.415,114.63,376977.0
2022-10-19 15:40:00,114.42,114.54,114.3,114.42,328986.0
2022-10-19 15:35:00,114.3183,114.46,114.24,114.4401,342871.0
2022-10-19 15:30:00,114.5,114.6399,114.2,114.3111,306899.0
2022-10-19 15:25:00,114.74,114.81,114.48,114.5,290168.0
2022-10-19 15:20:00,114.4006,114.87,114.38,114.75,381020.0
2022-10-19 15:15:00,114.32,114.55,114.3101,114.42,354172.0
2022-10-19 15:10:00,114.27,114.35,113.92,114.31,781130.0
2022-10-19 15:05:00,114.4,114.665,114.265,114.27,522308.0
2022-10-19 15:00:00,114.455,114.58,114.38,114.395,277206.0
2022-10-19 14:55:00,114.61,114.65,114.42,114.46,258092.0
2022-10-19 14:50:00,114.7,114.81,114.52,114.6133,268334.0
2022-10-19 14:45:00,114.85,114.94,114.64,114.7,272956.0
2022-10-19 14:40:00,115.0,115.02,114.7818,114.85,205739.0
2022-10-19 14:35:00,114.9583,115.03,114.77,114.97,238474.0
2022-10-19 14:30:00,114.87,115.084,114.745,114.96,397347.0
2022-10-19 14:25:00,114.775,114.88,114.61,114.88,304198.0
2022-10-19 14:20:00,114.83,115.05,114.74,114.7615,460106.0
2022-10-19 14:15:00,114.72,114.85,114.6,114.84,337039.0
2022-10-19 14:10:00,114.48,114.845,114.3801,114.73,363155.0
2022-10-19 14:05:00,114.24,114.63,114.1,114.47,415578.0
2022-10-19 14:00:00,114.19,114.2881,114.0172,114.25,209189.0
2022-10-19 13:55:00,113.95,114.19,113.8317,114.175,300281.0
2022-10-19 13:50:00,114.06,114.17,113.86,113.94,244027.0
2022-10-19 13:45:00,113.87,114.095,113.73,114.05,324493.0
2022-10-19 13:40:00,114.04,114.1099,113.81,113.87,309836.0
2022-10-19 13:35:00,114.09,114.28,114.01,114.05,261321.0
2022-10-19 13:30:00,114.1694,114.37,114.08,114.1,309221.0
2022-10-19 13:25:00,114.07,114.29,114.0501,114.16,347673.0
2022-10-19 13:20:00,113.98,114.13,113.9299,114.08,275445.0
2022-10-19 13:15:00,114.08,114.19,113.95,113.99,285472.0
2022-10-19 13:10:00,113.93,114.25,113.78,114.0601,496510.0
2022-10-19 13:05:00,114.55,114.63,113.91,113.94,675149.0
2022-10-19 13:00:00,114.6233,114.7,114.43,114.55,245958.0
2022-10-19 12:55:00,114.55,114.83,114.52,114.64,240713.0
2022-10-19 12:50:00,114.87,114.9,114.48,114.56,489726.0
2022-10-19 12:45:00,115.1318,115.19,114.8,114.875,282208.0
2022-10-19 12:40:00,115.2,115.41,115.07,115.14,354548.0
2022-10-19 12:35:00,114.8212,115.23,114.77,115.2072,308735.0
2022-10-19 12:30:00,115.08,115.1,114.77,114.84,276933.0
2022-10-19 12:25:00,115.105,115.19,114.99,115.0811,219938.0
2022-10-19 12:20:00,114.8899,115.13,114.79,115.1152,308459.0
2022-10-19 12:15:00,114.93,115.09,114.78,114.87,236226.0
2022-10-19 12:10:00,114.97,115.09,114.79,114.93,281403.0
2022-10-19 12:05:00,115.2501,115.35,114.87,115.0,276169.0
2022-10-19 12:00:00,115.11,115.39,115.09,115.265,589394.0
2022-10-19 11:55:00,114.8684,115.19,114.75,115.11,456336.0
2022-10-19 11:50:00,114.86,115.13,114.78,114.86,494362.0
2022-10-19 11:45:00,115.39,115.4,114.7762,114.86,551121.0
2022-10-19 11:40:00,115.31,115.43,114.85,115.4,612766.0
2022-10-19 11:35:00,115.35,115.53,115.16,115.35,346851.0
2022-10-19 11:30:00,115.54,115.55,115.1701,115.35,414978.0
2022-10-19 11:25:00,115.9,116.01,115.51,115.53,329972.0
2022-10-19 11:20:00,115.8181,116.01,115.63,115.88,463585.0
2022-10-19 11:15:00,115.7787,116.12,115.7567,115.8099,437530.0
2022-10-19 11:10:00,115.37,115.9,115.37,115.78,417849.0
2022-10-19 11:05:00,115.32,115.62,115.16,115.3755,300274.0
2022-10-19 11:00:00,115.415,115.5,115.06,115.33,479804.0
2022-10-19 10:55:00,115.64,115.74,115.26,115.41,499988.0
2022-10-19 10:50:00,115.69,115.94,115.55,115.63,421102.0
2022-10-19 10:45:00,116.17,116.1728,115.5,115.6915,516498.0
2022-10-19 10:40:00,115.88,116.17,115.58,116.16,601077.0
2022-10-19 10:35:00,116.34,116.46,115.78,115.8622,781491.0
2022-10-19 10:30:00,116.315,116.5932,116.07,116.33,1161934.0
2022-10-19 10:25:00,115.38,116.365,115.35,116.32,1079912.0
2022-10-19 10:20:00,115.13,115.46,115.1,115.39,843764.0
2022-10-19 10:15:00,114.81,115.3,114.48,115.14,940433.0
2022-10-19 10:10:00,114.405,114.86,114.34,114.8,741209.0
2022-10-19 10:05:00,113.71,114.42,113.5301,114.3901,690667.0
2022-10-19 10:00:00,114.3392,114.48,113.62,113.73,986375.0
2022-10-19 09:55:00,113.35,114.5,113.3,114.35,1253215.0
2022-10-19 09:50:00,113.84,113.85,113.22,113.355,1341807.0
2022-10-19 09:45:00,114.63,114.73,113.58,113.83,1254316.0
2022-10-19 09:40:00,114.71,115.195,114.5,114.65,1332032.0
2022-10-19 09:35:00,114.71,114.94,113.7538,114.71,2261455.0
2022-10-19 09:30:00,114.99,114.99,114.35,114.7,122953.0
2022-10-19 09:25:00,115.22,115.22,114.9,114.98,43589.0
2022-10-19 09:20:00,115.24,115.2799,115.08,115.2799,42202.0
2022-10-19 09:15:00,115.16,115.35,115.16,115.29,61461.0
2022-10-19 09:10:00,115.5899,115.64,115.19,115.22,56124.0
2022-10-19 09:05:00,115.6,115.69,115.35,115.45,19082.0
2022-10-19 09:00:00,115.76,115.76,115.5013,115.65,29782.0
2022-10-19 08:55:00,115.7,115.89,115.57,115.89,42054.0
2022-10-19 08:50:00,115.49,115.76,115.37,115.7,24266.0
2022-10-19 08:45:00,115.73,115.876,115.37,115.47,46785.0
2022-10-19 08:40:00,116.0,116.05,115.55,115.64,70407.0
2022-10-19 08:35:00,116.0,116.01,115.59,116.0,31106.0
2022-10-19 08:30:00,116.33,116.3398,115.92,116.19,6649.0
2022-10-19 08:25:00,116.16,116.32,116.03,116.26,24957.0
2022-10-19 08:20:00,116.2,116.2,116.0,116.0304,22316.0
2022-10-19 08:15:00,115.94,116.2,115.83,116.1999,11881.0
2022-10-19 08:10:00,116.12,116.3,115.6,115.76,40660.0
2022-10-19 08:05:00,117.25,117.55,116.0,116.12,171611.0
2022-10-19 08:00:00,116.48,116.76,116.45,116.66,14531.0
2022-10-19 07:55:00,116.6,116.63,116.4,116.4,7693.0
2022-10-19 07:50:00,116.41,116.5,116.41,116.5,11153.0
2022-10-19 07:45:00,116.4,116.4,116.22,116.29,3286.0
2022-10-19 07:40:00,116.31,116.61,116.3,116.45,6319.0
2022-10-19 07:35:00,116.41,116.41,116.08,116.28,29648.0
2022-10-19 07:30:00,116.48,116.55,116.38,116.55,12106.0
2022-10-19 07:25:00,116.59,116.68,116.5,116.5,5467.0
2022-10-19 07:20:00,116.13,116.44,116.1,116.44,15308.0
2022-10-19 07:15:00,117.09,117.1,116.24,116.35,16903.0
2022-10-19 07:10:00,117.4,117.45,117.09,117.09,13854.0
2022-10-19 07:05:00,116.9,117.5,116.9,117.5,14257.0
2022-10-19 07:00:00,117.02,117.02,116.68,116.96,4288.0
2022-10-19 06:55:00,117.02,117.21,117.0,117.0,2616.0
2022-10-19 06:50:00,117.0,117.0,117.0,117.0,531.0
2022-10-19 06:45:00,117.02,117.08,116.76,117.0,17207.0
2022-10-19 06:40:00,117.31,117.32,117.03,117.03,11347.0
2022-10-19 06:35:00,117.3,117.32,117.3,117.32,3196.0
2022-10-19 06:30:00,117.45,117.49,117.3,117.3,4904.0
2022-10-19 06:25:00,117.5,117.5,117.35,117.45,9785.0
2022-10-19 06:20:00,117.61,117.67,117.47,117.67,3735.0
2022-10-19 06:15:00,117.67,117.72,117.42,117.42,7272.0
2022-10-19 06:05:00,117.59,117.59,117.49,117.58,2219.0
2022-10-19 06:00:00,117.5,117.59,117.5,117.59,1047.0
2022-10-19 05:55:00,117.35,117.45,117.21,117.45,3252.0
2022-10-19 05:50:00,117.25,117.25,117.15,117.15,613.0
2022-10-19 05:45:00,117.29,117.45,117.29,117.35,6895.0
2022-10-19 05:40:00,117.44,117.44,117.2,117.2,1900.0
2022-10-19 05:35:00,117.3,117.3,117.3,117.3,831.0
2022-10-19 05:30:00,117.11,117.11,117.11,117.11,242.0
2022-10-19 05:20:00,117.25,117.25,117.17,117.17,1207.0
2022-10-19 05:15:00,117.43,117.43,117.22,117.22,1986.0
2022-10-19 05:10:00,117.17,117.2,117.17,117.2,1056.0
2022-10-19 05:05:00,117.0,117.0,117.0,117.0,1976.0
2022-10-19 05:00:00,117.02,117.02,117.0,117.0,1378.0
2022-10-19 04:55:00,116.93,117.13,116.93,117.13,1938.0
2022-10-19 04:50:00,116.9,116.9,116.77,116.77,1676.0
2022-10-19 04:45:00,116.76,116.76,116.76,116.76,594.0
2022-10-19 04:40:00,116.87,117.01,116.7,116.7,31365.0
2022-10-19 04:35:00,116.85,116.93,116.0,116.8,27524.0
2022-10-19 04:30:00,116.64,116.69,116.52,116.69,7737.0
2022-10-19 04:25:00,116.72,116.78,116.58,116.63,4388.0
2022-10-19 04:20:00,117.07,117.07,116.72,116.72,6378.0
2022-10-19 04:15:00,117.11,117.11,116.98,117.07,5393.0
2022-10-19 04:10:00,117.22,117.22,117.1,117.1,3513.0
2022-10-19 04:05:00,118.0,118.0,116.99,117.22,11617.0
2022-10-18 20:00:00,118.38,118.44,118.0,118.1,17072.0
2022-10-18 19:55:00,118.45,118.7,118.3,118.3,8486.0
2022-10-18 19:50:00,118.33,118.44,118.24,118.44,5017.0
2022-10-18 19:45:00,118.41,118.48,118.21,118.35,6481.0
2022-10-18 19:40:00,118.75,118.75,118.4,118.4,15937.0
2022-10-18 19:35:00,118.79,118.79,118.72,118.78,3223.0
2022-10-18 19:30:00,118.8,118.82,118.72,118.72,6198.0
2022-10-18 19:25:00,118.8,118.95,118.7,118.8,6177.0
2022-10-18 19:20:00,118.94,118.94,118.8,118.8,5671.0
2022-10-18 19:15:00,118.75,119.0,118.75,119.0,13802.0
2022-10-18 19:10:00,118.55,118.87,118.5,118.75,15524.0
2022-10-18 19:05:00,118.5,118.56,118.4,118.56,7364.0
2022-10-18 19:00:00,118.55,118.58,118.4,118.5,3756.0
2022-10-18 18:55:00,118.57,118.65,118.55,118.55,6012.0
2022-10-18 18:50:00,118.59,118.65,118.55,118.57,3778.0
2022-10-18 18:45:00,118.51,118.7,118.5,118.63,20344.0
2022-10-18 18:40:00,118.51,118.55,118.51,118.52,4548.0
2022-10-18 18:35:00,118.43,118.54,118.43,118.54,2744.0
2022-10-18 18:30:00,118.42,118.49,118.4,118.4,4660.0
2022-10-18 18:25:00,118.53,118.53,118.4,118.45,17107.0
2022-10-18 18:20:00,118.62,118.65,118.53,118.53,4391.0
2022-10-18 18:15:00,118.54,118.66,118.54,118.65,4299.0
2022-10-18 18:10:00,118.55,118.64,118.55,118.6,7281.0
2022-10-18 18:05:00,118.71,118.77,118.52,118.55,10697.0
2022-10-18 18:00:00,118.74,118.88,118.73,118.83,8255.0
2022-10-18 17:55:00,118.86,118.86,118.7001,118.77,11684.0
2022-10-18 17:50:00,118.9,118.9129,118.8,118.8,6317.0
2022-10-18 17:45:00,118.88,118.92,118.8,118.89,5964.0
2022-10-18 17:40:00,118.9,118.9845,118.88,118.88,9155.0
2022-10-18 17:35:00,118.9,118.95,118.81,118.9,9421.0
2022-10-18 17:30:00,118.6002,118.88,118.6,118.81,10512.0
2022-10-18 17:25:00,118.62,118.74,118.49,118.608,14731.0
2022-10-18 17:20:00,118.7,118.72,118.6,118.68,5987.0
2022-10-18 17:15:00,118.54,118.77,118.51,118.7,10161.0
2022-10-18 17:10:00,118.58,118.6,118.51,118.55,7190.0
2022-10-18 17:05:00,118.5501,118.64,118.52,118.6,4936.0
2022-10-18 17:00:00,118.65,118.7639,118.51,118.51,10404.0
2022-10-18 16:55:00,118.7884,118.79,118.61,118.7,10666.0
2022-10-18 16:50:00,118.52,119.05,118.44,118.7848,55602.0
2022-10-18 16:45:00,118.52,118.69,116.36,118.55,35648.0
2022-10-18 16:40:00,118.59,118.59,118.41,118.45,13217.0
2022-10-18 16:35:00,118.4,118.6,118.1775,118.5677,27931.0
2022-10-18 16:30:00,118.56,118.6296,116.36,118.5,37048.0
2022-10-18 16:25:00,118.95,118.95,118.2,118.5,2154781.0
2022-10-18 16:20:00,118.2,118.94,118.2,118.94,100792.0
2022-10-18 16:15:00,117.66,118.36,116.36,118.2,116398.0
2022-10-18 16:10:00,117.76,118.11,116.36,117.78,297798.0
2022-10-18 16:05:00,116.36,117.84,115.51,117.77,886991.0
2022-10-18 16:00:00,116.13,116.45,115.92,116.43,2012766.0
2022-10-18 15:55:00,116.25,116.54,116.05,116.175,819490.0
2022-10-18 15:50:00,116.41,116.41,116.15,116.26,654052.0
2022-10-18 15:45:00,116.28,116.56,116.17,116.41,583763.0
2022-10-18 15:40:00,116.393,116.43,116.09,116.28,474547.0
2022-10-18 15:35:00,115.8901,116.5,115.81,116.39,870977.0
2022-10-18 15:30:00,115.6572,115.97,115.5499,115.915,655239.0
2022-10-18 15:25:00,115.4416,115.69,115.34,115.65,632871.0
2022-10-18 15:20:00,115.175,115.49,115.1,115.435,612487.0
2022-10-18 15:15:00,115.19,115.3699,115.02,115.18,511263.0
2022-10-18 15:10:00,115.3259,115.58,115.16,115.18,548485.0
2022-10-18 15:05:00,115.7042,115.73,115.22,115.31,648788.0
2022-10-18 15:00:00,115.7,115.78,115.49,115.72,592171.0
2022-10-18 14:55:00,115.5,115.78,115.34,115.71,580799.0
2022-10-18 14:50:00,115.465,115.6974,115.18,115.515,921342.0
2022-10-18 14:45:00,116.065,116.135,115.41,115.47,813866.0
2022-10-18 14:40:00,116.575,116.6,115.875,116.09,721071.0
2022-10-18 14:35:00,116.79,116.81,116.43,116.565,397979.0
2022-10-18 14:30:00,116.8486,116.895,116.6,116.8,445679.0
2022-10-18 14:25:00,116.6968,116.8599,116.56,116.84,298802.0
2022-10-18 14:20:00,116.9,116.9,116.59,116.6999,378609.0
2022-10-18 14:15:00,116.65,116.96,116.6401,116.8801,448447.0
2022-10-18 14:10:00,116.61,116.85,116.4625,116.66,387342.0
2022-10-18 14:05:00,116.82,116.92,116.5402,116.62,789469.0
2022-10-18 14:00:00,116.75,116.96,116.67,116.82,480120.0
2022-10-18 13:55:00,116.7,116.82,116.51,116.7588,408682.0
2022-10-18 13:50:00,116.6744,116.7257,116.36,116.7,482936.0
2022-10-18 13:45:00,116.565,116.69,116.48,116.68,382494.0
2022-10-18 13:40:00,116.76,116.7768,116.48,116.56,464760.0
2022-10-18 13:35:00,116.44,116.77,116.29,116.76,553658.0
2022-10-18 13:30:00,116.16,116.49,116.12,116.43,534884.0
2022-10-18 13:25:00,116.15,116.31,115.88,116.17,460544.0
2022-10-18 13:20:00,116.19,116.27,116.03,116.13,380756.0
2022-10-18 13:15:00,115.94,116.28,115.83,116.22,572945.0
2022-10-18 13:10:00,115.68,116.12,115.63,115.94,520449.0
2022-10-18 13:05:00,116.34,116.45,115.61,115.69,561864.0
2022-10-18 13:00:00,116.74,116.81,116.25,116.33,496159.0
2022-10-18 12:55:00,116.4549,116.77,116.42,116.7362,451487.0
2022-10-18 12:50:00,116.64,116.66,116.34,116.465,373861.0
2022-10-18 12:45:00,116.5352,116.94,116.51,116.6343,873875.0
2022-10-18 12:40:00,116.2527,116.69,116.2527,116.55,696261.0
2022-10-18 12:35:00,116.2323,116.34,115.98,116.2599,312162.0
2022-10-18 12:30:00,116.165,116.29,115.92,116.2125,432104.0
2022-10-18 12:25:00,116.37,116.45,116.13,116.1784,436793.0
2022-10-18 12:20:00,116.37,116.6,116.12,116.3799,662347.0
2022-10-18 12:15:00,116.1956,116.58,116.14,116.37,741605.0
2022-10-18 12:10:00,115.81,116.29,115.44,116.2,709557.0
2022-10-18 12:05:00,115.845,115.94,115.75,115.815,458497.0
2022-10-18 12:00:00,115.74,115.9,115.42,115.85,552247.0
2022-10-18 11:55:00,115.67,115.88,115.5,115.7301,551816.0
2022-10-18 11:50:00,115.42,115.74,115.3401,115.6664,683319.0
2022-10-18 11:45:00,115.03,115.46,114.87,115.42,623270.0
2022-10-18 11:40:00,115.34,115.38,114.79,115.0299,626292.0
2022-10-18 11:35:00,115.13,115.34,114.99,115.33,578464.0
2022-10-18 11:30:00,115.22,115.35,114.94,115.13,1318274.0
2022-10-18 11:25:00,115.64,115.71,115.15,115.21,566209.0
2022-10-18 11:20:00,115.6,115.98,115.455,115.65,704279.0
2022-10-18 11:15:00,116.005,116.33,115.5101,115.6,855864.0
2022-10-18 11:10:00,116.39,116.57,115.93,116.0032,579140.0
2022-10-18 11:05:00,116.5219,116.58,116.18,116.4099,543129.0
2022-10-18 11:00:00,116.75,116.79,116.46,116.51,387982.0
2022-10-18 10:55:00,116.81,116.825,116.56,116.77,503216.0
2022-10-18 10:50:00,116.3401,116.91,116.3209,116.8133,758145.0
2022-10-18 10:45:00,115.945,116.35,115.94,116.35,643971.0
2022-10-18 10:40:00,116.365,116.44,115.7701,115.93,856556.0
2022-10-18 10:35:00,116.52,116.64,116.235,116.36,723419.0
2022-10-18 10:30:00,116.89,117.1102,116.51,116.525,650578.0
2022-10-18 10:25:00,117.26,117.275,116.79,116.89,698093.0
2022-10-18 10:20:00,117.305,117.53,116.97,117.2571,956871.0
2022-10-18 10:15:00,117.19,117.46,116.97,117.31,1005109.0
2022-10-18 10:10:00,116.64,117.25,116.46,117.1928,926436.0
2022-10-18 10:05:00,116.71,117.0,116.59,116.648,1041405.0
2022-10-18 10:00:00,116.3,117.15,116.29,116.725,938394.0
2022-10-18 09:55:00,116.91,117.17,116.21,116.295,1079559.0
2022-10-18 09:50:00,116.71,116.9311,116.16,116.91,1370598.0
2022-10-18 09:45:00,117.45,117.51,116.56,116.7248,1726310.0
2022-10-18 09:40:00,117.48,118.03,117.4,117.4266,1503941.0
2022-10-18 09:35:00,119.06,119.52,117.39,117.4896,4094580.0
2022-10-18 09:30:00,118.4,119.2,118.25,119.1,235299.0
2022-10-18 09:25:00,118.14,118.38,118.14,118.3799,69599.0
2022-10-18 09:20:00,118.05,118.29,118.0,118.19,97022.0
2022-10-18 09:15:00,118.11,118.11,118.0,118.01,87130.0
2022-10-18 09:10:00,118.1,118.22,118.0,118.12,75613.0
2022-10-18 09:05:00,118.35,118.37,117.912,118.06,66294.0
2022-10-18 09:00:00,118.09,118.33,118.02,118.27,94353.0
2022-10-18 08:55:00,118.03,118.3,118.0,118.01,59310.0
2022-10-18 08:50:00,118.02,118.24,117.84,118.03,88838.0
2022-10-18 08:45:00,117.9799,118.39,117.95,118.05,95104.0
2022-10-18 08:40:00,117.81,117.97,117.75,117.96,57921.0
2022-10-18 08:35:00,117.5,117.95,117.5,117.81,89415.0
2022-10-18 08:30:00,117.42,117.5,117.29,117.49,32680.0
2022-10-18 08:25:00,117.42,117.65,117.4,117.41,35851.0
2022-10-18 08:20:00,117.29,117.54,117.2001,117.42,42464.0
2022-10-18 08:15:00,117.05,117.34,117.05,117.29,43325.0
2022-10-18 08:10:00,117.0,117.05,117.0,117.02,28083.0
2022-10-18 08:05:00,116.18,117.09,113.506,116.99,137431.0
2022-10-18 08:00:00,116.98,117.01,116.9,117.01,16161.0
2022-10-18 07:55:00,117.03,117.05,116.98,116.98,17775.0
2022-10-18 07:50:00,116.98,117.05,116.93,117.05,16995.0
2022-10-18 07:45:00,116.77,117.05,116.7,117.0,44364.0
2022-10-18 07:40:00,116.7,116.8,116.63,116.78,12522.0
2022-10-18 07:35:00,116.59,116.78,116.56,116.7,12484.0
2022-10-18 07:30:00,116.4,116.59,116.38,116.53,22885.0
2022-10-18 07:25:00,116.27,116.5,116.25,116.48,15207.0
2022-10-18 07:20:00,116.33,116.35,116.22,116.25,16245.0
2022-10-18 07:15:00,116.55,116.55,116.36,116.36,6476.0
2022-10-18 07:10:00,116.32,116.65,116.32,116.57,22771.0
2022-10-18 07:05:00,116.14,116.32,116.05,116.32,17710.0
2022-10-18 07:00:00,116.08,116.08,116.06,116.06,2294.0
2022-10-18 06:55:00,116.2,116.2,116.05,116.07,6454.0
2022-10-18 06:50:00,116.27,116.35,116.22,116.24,4103.0
2022-10-18 06:45:00,116.3,116.4,116.3,116.3,6380.0
2022-10-18 06:40:00,116.23,116.49,116.23,116.31,12905.0
2022-10-18 06:30:00,116.28,116.28,116.28,116.28,150.0
2022-10-18 06:25:00,116.23,116.29,116.23,116.29,2550.0
2022-10-18 06:10:00,116.23,116.24,116.0,116.0,2547.0
2022-10-18 06:05:00,116.22,116.23,116.22,116.23,1664.0
2022-10-18 06:00:00,116.04,116.23,116.04,116.22,4373.0
2022-10-18 05:55:00,115.99,116.0,115.99,116.0,470.0
2022-10-18 05:50:00,115.79,116.09,115.67,116.09,2692.0
2022-10-18 05:40:00,115.76,115.76,115.76,115.76,400.0
2022-10-18 05:35:00,115.95,115.95,115.95,115.95,3479.0
2022-10-18 05:30:00,115.69,115.69,115.62,115.69,610.0
2022-10-18 05:25:00,115.81,115.82,115.55,115.6,15164.0
2022-10-18 05:20:00,115.8,115.82,115.71,115.76,14437.0
2022-10-18 05:15:00,115.31,115.66,115.31,115.66,3136.0
2022-10-18 05:10:00,115.53,115.53,115.3,115.3,3248.0
2022-10-18 05:05:00,115.82,115.82,115.5,115.5,12667.0
2022-10-18 05:00:00,116.01,116.01,115.81,115.82,4688.0
2022-10-18 04:45:00,116.05,116.05,116.0,116.0,3957.0
2022-10-18 04:40:00,116.14,116.14,116.14,116.14,375.0
2022-10-18 04:35:00,116.38,116.39,116.38,116.39,2611.0
2022-10-18 04:30:00,116.18,116.39,116.17,116.39,4484.0
2022-10-18 04:25:00,116.38,116.38,116.09,116.2,7724.0
2022-10-18 04:20:00,116.31,116.39,116.31,116.39,2771.0
2022-10-18 04:15:00,116.35,116.37,116.33,116.33,2640.0
2022-10-18 04:10:00,116.28,116.44,116.28,116.31,4197.0
2022-10-18 04:05:00,116.11,116.41,115.0,116.3,17426.0
